22
3
7
3
28
7
24
10
27
0
21
30
23
4
15
28
3
20
5
22
11
26
9
18
24
6
24
8
28
25
22
20
5
0
31
0
7
3
10
5
25
18
30
5
1
25
20
24
26
19
6
10
14
25
26
31
13
12
31
31
31
31
31
31
31
31
1
3
18
10
14
27
88
12
28
12
112
28
96
40
109
1
87
120
95
18
62
113
15
82
21
88
46
107
36
72
97
26
96
33
112
102
89
80
21
1
127
0
31
15
72
66
49
1
73
34
112
8
118
4
84
36
0
106
47
20
13
56
87
39
127
127
127
127
127
127
127
127
7
15
87
34
56
108
124
108
80
124
64
8
77
97
55
88
63
114
30
81
111
50
117
56
14
75
4
40
65
122
64
1
80
70
57
48
117
97
95
96
127
111
113
66
97
86
26
75
56
73
5
88
0
88
30
29
44
48
53
3
34
108
95
95
95
95
95
95
95
95
103
111
61
111
69
76
76
92
76
92
33
104
104
65
23
24
56
31
82
126
79
79
18
24
110
43
100
100
8
90
32
97
48
38
25
17
16
65
64
63
95
95
79
88
107
67
99
93
123
74
119
22
56
28
68
83
45
17
19
73
5
45
64
63
63
63
63
63
63
63
70
79
79
23
98
120
44
60
44
16
60
0
72
13
33
119
24
127
50
94
17
47
114
53
120
78
11
68
104
1
58
0
65
16
6
121
112
53
33
31
32
63
47
90
101
4
20
76
12
26
90
37
48
85
53
12
99
33
57
99
57
74
12
31
31
31
31
31
31
31
31
39
47
65
53
88
12
28
12
112
28
96
40
109
1
87
120
95
18
62
113
15
82
21
88
46
107
36
72
97
26
96
33
112
102
89
80
21
1
127
0
31
15
57
77
39
89
31
25
17
55
39
50
82
35
47
3
92
48
29
112
20
18
127
127
127
127
127
127
127
127
7
15
92
29
56
108
124
108
80
124
64
8
77
97
55
88
63
114
30
81
111
50
117
56
14
75
4
40
65
122
64
1
80
70
57
48
117
97
95
96
127
111
113
35
52
17
92
75
10
48
51
64
44
66
76
22
71
18
113
98
14
118
95
95
95
95
95
95
95
95
103
111
44
117
24
75
76
76
76
92
32
104
104
46
23
56
31
82
126
48
49
79
85
24
110
111
100
100
8
90
89
32
48
38
25
16
17
65
64
64
95
79
79
122
77
30
52
94
87
124
55
26
115
11
82
117
67
2
82
38
115
120
63
63
63
63
63
63
63
63
71
78
78
32
7
120
44
60
44
16
60
0
72
13
33
119
24
127
50
94
17
47
114
53
120
78
11
68
104
1
58
0
65
16
6
121
112
53
33
31
32
63
47
2
37
80
84
108
127
106
55
36
64
3
108
76
95
104
43
9
42
12
29
31
31
31
31
31
31
31
31
39
47
72
99
88
12
28
12
112
28
96
40
109
1
87
120
95
18
62
113
15
82
21
88
46
107
36
72
97
26
96
33
112
102
89
80
21
1
127
0
31
15
10
87
50
26
67
52
17
125
74
24
96
41
30
31
32
44
63
71
110
4
127
127
127
127
127
127
127
127
7
15
12
109
56
108
124
108
80
124
64
8
77
97
55
88
63
114
30
81
111
50
117
56
14
75
4
40
65
122
64
1
80
70
57
48
117
97
95
96
127
111
112
53
26
122
45
9
115
66
111
98
77
22
18
38
10
104
42
49
48
108
95
95
95
95
95
95
95
95
103
111
111
41
24
24
92
76
48
92
33
104
104
65
23
56
56
31
82
126
79
18
85
24
110
110
43
100
33
33
32
97
48
38
38
25
16
65
63
64
64
79
76
3
74
107
0
71
108
19
32
103
8
93
51
0
63
21
57
53
46
91
64
63
63
63
63
63
63
63
97
72
79
27
125
120
44
60
44
16
60
0
72
13
33
119
24
127
50
94
17
47
114
53
120
78
11
68
104
1
58
0
65
16
6
121
112
53
33
31
32
63
47
21
51
51
68
127
122
17
35
91
2
76
51
26
22
0
58
104
16
127
87
31
31
31
31
31
31
31
31
39
47
37
57
88
12
28
12
112
28
96
40
109
1
87
120
95
18
62
113
15
82
21
88
46
107
36
72
97
26
96
33
112
102
89
80
21
1
127
0
31
15
56
127
51
69
50
11
59
111
6
117
4
30
115
60
25
117
75
10
32
91
127
127
127
127
127
127
127
127
7
15
99
97
56
108
124
108
80
124
64
8
77
97
55
88
63
114
30
81
111
50
117
56
14
75
4
40
65
122
64
1
80
70
57
48
117
97
95
96
127
111
112
36
85
42
36
113
100
37
9
114
20
66
102
103
26
75
91
12
54
80
95
95
95
95
95
95
95
95
103
111
39
47
24
24
92
76
48
92
92
32
103
65
65
56
30
31
126
126
49
18
18
86
24
110
100
100
8
33
32
32
97
48
38
25
85
85
63
64
95
95
79
112
113
45
104
51
115
17
121
55
114
13
82
16
14
75
59
36
0
92
63
63
63
63
63
63
63
63
71
72
79
23
83
120
44
60
44
16
60
0
72
13
33
119
24
127
50
94
17
47
114
53
120
78
11
68
104
1
58
0
65
16
6
121
112
53
33
31
32
63
47
122
66
111
112
59
114
55
47
34
73
111
49
12
116
12
28
45
44
90
43
31
31
31
31
31
31
31
31
39
47
71
33
88
12
28
12
112
28
96
40
109
1
87
120
95
18
62
113
15
82
21
88
46
107
36
72
97
26
96
33
112
102
89
80
21
1
127
0
31
15
121
28
91
11
77
121
23
81
5
97
50
34
96
31
117
69
24
37
17
39
127
127
127
127
127
127
127
127
7
15
99
89
56
108
124
108
80
124
64
8
77
97
55
88
63
114
30
81
111
50
117
56
14
75
4
40
65
122
64
1
80
70
57
48
117
97
95
96
127
111
107
114
28
51
72
73
28
85
43
125
1
83
81
123
34
6
16
75
48
64
95
95
95
95
95
95
95
95
103
111
33
107
23
23
92
76
76
92
92
104
45
45
23
23
31
82
82
127
79
79
18
24
24
43
100
8
33
89
90
97
97
39
25
16
85
85
64
64
95
95
79
47
114
84
109
7
106
82
78
49
93
52
32
6
2
127
19
126
102
101
63
63
63
63
63
63
63
63
63
71
78
87
31
120
44
60
44
16
60
0
72
13
33
119
24
127
50
94
17
47
114
53
120
78
11
68
104
1
58
0
65
16
6
121
112
53
33
31
32
63
47
39
120
99
79
82
106
78
90
60
14
8
62
22
123
105
77
77
89
34
32
31
31
31
31
31
31
31
31
39
47
83
79
88
12
28
12
112
28
96
40
109
1
87
120
95
18
62
113
15
82
21
88
46
107
36
72
97
26
96
33
112
102
89
80
21
1
127
0
31
15
33
4
82
95
71
90
65
88
54
66
82
83
114
43
43
106
64
127
0
115
127
127
127
127
127
127
127
127
7
15
93
7
56
108
124
108
80
124
64
8
77
97
55
88
63
114
30
81
111
50
117
56
14
75
4
40
65
122
64
1
80
70
57
48
117
97
95
96
127
111
111
61
98
39
107
73
127
31
8
44
44
27
114
114
70
32
10
100
5
56
95
95
95
95
95
95
95
95
103
111
69
41
24
77
76
92
48
48
92
104
104
45
66
56
31
30
82
126
79
79
18
85
110
110
101
8
33
33
90
32
48
38
38
16
85
85
64
63
64
95
80
48
125
88
62
107
56
9
73
18
124
40
85
71
96
55
57
87
30
87
64
63
63
63
63
63
63
63
63
72
79
41
118
120
44
60
44
16
60
0
72
13
33
119
24
127
50
94
17
47
114
53
120
78
11
68
104
1
58
0
65
16
6
121
112
53
33
31
32
63
47
64
39
35
57
70
39
96
118
116
123
106
80
70
101
95
31
63
17
84
32
31
31
31
31
31
31
31
31
39
47
103
79
88
12
28
12
112
28
96
40
109
1
87
120
95
18
62
113
15
82
21
88
46
107
36
72
97
26
96
33
112
102
89
80
21
1
127
0
31
15
98
62
48
81
38
119
58
20
49
34
125
26
109
57
34
61
66
23
4
123
127
127
127
127
127
127
127
127
7
15
75
31
56
108
124
108
80
124
64
8
77
97
55
88
63
114
30
81
111
50
117
56
14
75
4
40
65
122
64
1
80
70
57
48
117
97
95
96
127
111
114
94
103
95
89
124
107
61
69
42
19
96
22
112
41
116
79
52
81
125
95
95
95
95
95
95
95
95
103
111
111
75
24
24
92
92
48
48
32
32
104
45
23
23
56
31
82
49
49
18
86
85
24
110
100
100
8
33
90
32
97
38
26
16
16
85
65
64
96
79
57
69
34
20
72
109
116
95
121
44
4
84
103
41
13
119
48
24
88
110
63
63
63
63
63
63
63
63
70
71
79
17
59
120
44
60
44
16
60
0
72
13
33
119
24
127
50
94
17
47
114
53
120
78
11
68
104
1
58
0
65
16
6
121
112
53
33
31
32
63
47
127
38
107
6
37
96
84
82
27
84
76
36
91
105
64
109
7
1
88
35
31
31
31
31
31
31
31
31
39
47
61
109
88
12
28
12
112
28
96
40
109
1
87
120
95
18
62
113
15
82
21
88
46
107
36
72
97
26
96
33
112
102
89
80
21
1
127
0
31
15
39
30
75
31
92
35
9
74
113
9
4
114
58
124
44
126
98
95
123
10
127
127
127
127
127
127
127
127
7
15
106
72
56
108
124
108
80
124
64
8
22
3
7
3
28
7
24
10
27
0
21
30
23
4
15
28
3
20
5
22
11
26
9
18
24
6
24
8
28
25
22
20
5
0
31
0
7
3
24
28
8
12
26
23
6
1
22
25
13
10
9
9
25
5
1
17
19
31
31
31
31
31
31
31
31
31
1
3
30
25
14
27
