#index raw norm_full norm_ldro gray_ldro
0 82 81 20 30
1 23 22 5 7
2 3 2 0 0
3 1 0 0 0
4 2 1 0 0
5 33 32 8 12
6 17 16 4 6
7 4 3 0 0
8 13 12 3 2
9 105 104 26 23
10 91 90 22 29
11 68 67 16 24
12 17 16 4 6
13 78 77 19 26
14 112 111 27 22
15 57 56 14 9
16 69 68 17 25
17 98 97 24 20
18 34 33 8 12
19 65 64 16 24
20 113 112 28 18
21 64 63 15 8
22 4 3 0 0
23 77 76 19 26
24 107 106 26 23
25 111 110 27 22
26 45 44 11 14
27 1 0 0 0
28 1 0 0 0
29 1 0 0 0
30 1 0 0 0
31 1 0 0 0
32 1 0 0 0
33 1 0 0 0
34 1 0 0 0
35 9 8 2 3
36 17 16 4 6
37 85 84 21 31
38 43 42 10 15
39 58 57 14 9
40 110 109 27 22
41 126 125 31 16
42 110 109 27 22
43 82 81 20 30
44 126 125 31 16
45 66 65 16 24
46 10 9 2 3
47 78 77 19 26
48 99 98 24 20
49 57 56 14 9
50 90 89 22 29
51 65 64 16 24
52 116 115 28 18
53 32 31 7 4
54 83 82 20 30
55 113 112 28 18
56 52 51 12 10
57 119 118 29 19
58 58 57 14 9
59 16 15 3 2
60 77 76 19 26
61 6 5 1 1
62 42 41 10 15
63 67 66 16 24
64 124 123 30 17
65 66 65 16 24
66 3 2 0 0
67 82 81 20 30
68 72 71 17 25
69 59 58 14 9
70 50 49 12 10
71 119 118 29 19
72 99 98 24 20
73 97 96 24 20
74 98 97 24 20
75 1 0 0 0
76 113 112 28 18
77 105 104 26 23
78 73 72 18 27
79 39 38 9 13
80 120 119 29 19
81 0 127 31 16
82 11 10 2 3
83 91 90 22 29
84 17 16 4 6
85 9 8 2 3
86 30 29 7 4
87 1 0 0 0
88 43 42 10 15
89 47 46 11 14
90 11 10 2 3
91 72 71 17 25
92 15 14 3 2
93 48 47 11 14
94 20 19 4 6
95 101 100 25 21
96 104 103 25 21
97 97 96 24 20
98 97 96 24 20
99 97 96 24 20
100 97 96 24 20
101 97 96 24 20
102 97 96 24 20
103 97 96 24 20
104 97 96 24 20
105 105 104 26 23
106 113 112 28 18
107 117 116 29 19
108 125 124 31 16
109 27 26 6 5
110 78 77 19 26
111 94 93 23 28
112 78 77 19 26
113 50 49 12 10
114 94 93 23 28
115 34 33 8 12
116 106 105 26 23
117 47 46 11 14
118 67 66 16 24
119 25 24 6 5
120 58 57 14 9
121 33 32 8 12
122 32 31 7 4
123 0 127 31 16
124 51 50 12 10
125 81 80 20 30
126 20 19 4 6
127 87 86 21 31
128 26 25 6 5
129 112 111 27 22
130 45 44 11 14
131 102 101 25 21
132 10 9 2 3
133 35 34 8 12
134 92 91 22 29
135 34 33 8 12
136 98 97 24 20
137 50 49 12 10
138 40 39 9 13
139 27 26 6 5
140 18 17 4 6
141 87 86 21 31
142 67 66 16 24
143 64 63 15 8
144 66 65 16 24
145 97 96 24 20
146 81 80 20 30
147 40 39 9 13
148 98 97 24 20
149 127 126 31 16
150 44 43 10 15
151 54 53 13 11
152 50 49 12 10
153 2 1 0 0
154 3 2 0 0
155 13 12 3 2
156 44 43 10 15
157 102 101 25 21
158 116 115 28 18
159 93 92 23 28
160 3 2 0 0
161 87 86 21 31
162 69 68 17 25
163 101 100 25 21
164 89 88 22 29
165 19 18 4 6
166 46 45 11 14
167 65 64 16 24
168 65 64 16 24
169 65 64 16 24
170 65 64 16 24
171 65 64 16 24
172 65 64 16 24
173 65 64 16 24
174 65 64 16 24
175 73 72 18 27
176 81 80 20 30
177 80 79 19 26
178 68 67 16 24
179 122 121 30 17
180 45 44 11 14
181 46 45 11 14
182 62 61 15 8
183 46 45 11 14
184 18 17 4 6
185 2 1 0 0
186 1 0 0 0
187 15 14 3 2
188 14 13 3 2
189 34 33 8 12
190 26 25 6 5
191 26 25 6 5
192 1 0 0 0
193 52 51 12 10
194 96 95 23 28
195 19 18 4 6
196 116 115 28 18
197 55 54 13 11
198 123 122 30 17
199 121 120 30 17
200 14 13 3 2
201 69 68 17 25
202 70 69 17 25
203 4 3 0 0
204 60 59 14 9
205 127 126 31 16
206 1 0 0 0
207 68 67 16 24
208 18 17 4 6
209 7 6 1 1
210 114 113 28 18
211 54 53 13 11
212 34 33 8 12
213 34 33 8 12
214 34 33 8 12
215 65 64 16 24
216 65 64 16 24
217 49 48 12 10
218 87 86 21 31
219 46 45 11 14
220 78 77 19 26
221 70 69 17 25
222 124 123 30 17
223 126 125 31 16
224 89 88 22 29
225 113 112 28 18
226 57 56 14 9
227 87 86 21 31
228 99 98 24 20
229 1 0 0 0
230 115 114 28 18
231 38 37 9 13
232 61 60 15 8
233 32 31 7 4
234 97 96 24 20
235 46 45 11 14
236 80 79 19 26
237 33 32 8 12
238 33 32 8 12
239 33 32 8 12
240 33 32 8 12
241 33 32 8 12
242 33 32 8 12
243 33 32 8 12
244 33 32 8 12
245 32 31 7 4
246 48 47 11 14
247 49 48 12 10
248 77 76 19 26
249 121 120 30 17
250 89 88 22 29
251 14 13 3 2
252 30 29 7 4
253 14 13 3 2
254 114 113 28 18
255 30 29 7 4
256 98 97 24 20
257 42 41 10 15
258 111 110 27 22
259 3 2 0 0
260 89 88 22 29
261 121 120 30 17
262 96 95 23 28
263 20 19 4 6
264 64 63 15 8
265 114 113 28 18
266 17 16 4 6
267 83 82 20 30
268 23 22 5 7
269 90 89 22 29
270 48 47 11 14
271 108 107 26 23
272 38 37 9 13
273 74 73 18 27
274 99 98 24 20
275 28 27 6 5
276 97 96 24 20
277 35 34 8 12
278 114 113 28 18
279 104 103 25 21
280 91 90 22 29
281 82 81 20 30
282 23 22 5 7
283 3 2 0 0
284 1 0 0 0
285 2 1 0 0
286 33 32 8 12
287 17 16 4 6
288 81 80 20 30
289 110 109 27 22
290 50 49 12 10
291 41 40 10 15
292 32 31 7 4
293 64 63 15 8
294 72 71 17 25
295 109 108 27 22
296 65 64 16 24
297 43 42 10 15
298 31 30 7 4
299 17 16 4 6
300 19 18 4 6
301 55 54 13 11
302 106 105 26 23
303 52 51 12 10
304 68 67 16 24
305 41 40 10 15
306 82 81 20 30
307 0 127 31 16
308 1 0 0 0
309 1 0 0 0
310 1 0 0 0
311 1 0 0 0
312 1 0 0 0
313 1 0 0 0
314 1 0 0 0
315 1 0 0 0
316 8 7 1 1
317 17 16 4 6
318 117 116 29 19
319 9 8 2 3
320 58 57 14 9
321 110 109 27 22
322 126 125 31 16
323 110 109 27 22
324 82 81 20 30
325 126 125 31 16
326 66 65 16 24
327 10 9 2 3
328 79 78 19 26
329 99 98 24 20
330 57 56 14 9
331 90 89 22 29
332 65 64 16 24
333 116 115 28 18
334 32 31 7 4
335 83 82 20 30
336 113 112 28 18
337 52 51 12 10
338 119 118 29 19
339 58 57 14 9
340 16 15 3 2
341 77 76 19 26
342 6 5 1 1
343 42 41 10 15
344 67 66 16 24
345 124 123 30 17
346 66 65 16 24
347 3 2 0 0
348 82 81 20 30
349 72 71 17 25
350 59 58 14 9
351 50 49 12 10
352 119 118 29 19
353 99 98 24 20
354 97 96 24 20
355 98 97 24 20
356 1 0 0 0
357 113 112 28 18
358 0 127 31 16
359 70 69 17 25
360 11 10 2 3
361 39 38 9 13
362 110 109 27 22
363 89 88 22 29
364 52 51 12 10
365 74 73 18 27
366 64 63 15 8
367 27 26 6 5
368 56 55 13 11
369 23 22 5 7
370 14 13 3 2
371 109 108 27 22
372 63 62 15 8
373 120 119 29 19
374 127 126 31 16
375 6 5 1 1
376 33 32 8 12
377 73 72 18 27
378 97 96 24 20
379 97 96 24 20
380 97 96 24 20
381 97 96 24 20
382 97 96 24 20
383 97 96 24 20
384 97 96 24 20
385 97 96 24 20
386 105 104 26 23
387 113 112 28 18
388 83 82 20 30
389 67 66 16 24
390 26 25 6 5
391 78 77 19 26
392 94 93 23 28
393 78 77 19 26
394 50 49 12 10
395 94 93 23 28
396 34 33 8 12
397 106 105 26 23
398 47 46 11 14
399 67 66 16 24
400 25 24 6 5
401 58 57 14 9
402 33 32 8 12
403 84 83 20 30
404 0 127 31 16
405 51 50 12 10
406 81 80 20 30
407 20 19 4 6
408 87 86 21 31
409 26 25 6 5
410 112 111 27 22
411 45 44 11 14
412 102 101 25 21
413 10 9 2 3
414 35 34 8 12
415 92 91 22 29
416 34 33 8 12
417 99 98 24 20
418 50 49 12 10
419 40 39 9 13
420 27 26 6 5
421 18 17 4 6
422 86 85 21 31
423 66 65 16 24
424 65 64 16 24
425 66 65 16 24
426 97 96 24 20
427 81 80 20 30
428 82 81 20 30
429 78 77 19 26
430 41 40 10 15
431 71 70 17 25
432 100 99 24 20
433 65 64 16 24
434 61 60 15 8
435 76 75 18 27
436 98 97 24 20
437 80 79 19 26
438 116 115 28 18
439 101 100 25 21
440 80 79 19 26
441 85 84 21 31
442 111 110 27 22
443 77 76 19 26
444 53 52 13 11
445 23 22 5 7
446 44 43 10 15
447 23 22 5 7
448 65 64 16 24
449 65 64 16 24
450 65 64 16 24
451 65 64 16 24
452 65 64 16 24
453 65 64 16 24
454 65 64 16 24
455 65 64 16 24
456 73 72 18 27
457 80 79 19 26
458 37 36 9 13
459 120 119 29 19
460 123 122 30 17
461 45 44 11 14
462 61 60 15 8
463 46 45 11 14
464 46 45 11 14
465 62 61 15 8
466 63 62 15 8
467 73 72 18 27
468 15 14 3 2
469 34 33 8 12
470 121 120 30 17
471 120 119 29 19
472 2 1 0 0
473 51 50 12 10
474 95 94 23 28
475 96 95 23 28
476 18 17 4 6
477 115 114 28 18
478 55 54 13 11
479 122 121 30 17
480 80 79 19 26
481 80 79 19 26
482 13 12 3 2
483 70 69 17 25
484 105 104 26 23
485 3 2 0 0
486 3 2 0 0
487 67 66 16 24
488 67 66 16 24
489 18 17 4 6
490 8 7 1 1
491 114 113 28 18
492 54 53 13 11
493 55 54 13 11
494 35 34 8 12
495 33 32 8 12
496 34 33 8 12
497 49 48 12 10
498 49 48 12 10
499 31 30 7 4
500 116 115 28 18
501 76 75 18 27
502 25 24 6 5
503 96 95 23 28
504 118 117 29 19
505 53 52 13 11
506 92 91 22 29
507 100 99 24 20
508 25 24 6 5
509 115 114 28 18
510 127 126 31 16
511 124 123 30 17
512 46 45 11 14
513 64 63 15 8
514 83 82 20 30
515 7 6 1 1
516 22 21 5 7
517 53 52 13 11
518 32 31 7 4
519 33 32 8 12
520 33 32 8 12
521 33 32 8 12
522 33 32 8 12
523 33 32 8 12
524 33 32 8 12
525 33 32 8 12
526 40 39 9 13
527 41 40 10 15
528 48 47 11 14
529 91 90 22 29
530 89 88 22 29
531 90 89 22 29
532 14 13 3 2
533 30 29 7 4
534 14 13 3 2
535 113 112 28 18
536 30 29 7 4
537 98 97 24 20
538 42 41 10 15
539 111 110 27 22
540 3 2 0 0
541 89 88 22 29
542 122 121 30 17
543 97 96 24 20
544 20 19 4 6
545 64 63 15 8
546 114 113 28 18
547 17 16 4 6
548 84 83 20 30
549 23 22 5 7
550 90 89 22 29
551 48 47 11 14
552 108 107 26 23
553 38 37 9 13
554 74 73 18 27
555 99 98 24 20
556 28 27 6 5
557 97 96 24 20
558 35 34 8 12
559 114 113 28 18
560 103 102 25 21
561 91 90 22 29
562 82 81 20 30
563 23 22 5 7
564 3 2 0 0
565 1 0 0 0
566 2 1 0 0
567 33 32 8 12
568 17 16 4 6
569 2 1 0 0
570 34 33 8 12
571 34 33 8 12
572 2 1 0 0
573 89 88 22 29
574 40 39 9 13
575 92 91 22 29
576 65 64 16 24
577 103 102 25 21
578 23 22 5 7
579 26 25 6 5
580 98 97 24 20
581 6 5 1 1
582 30 29 7 4
583 22 21 5 7
584 30 29 7 4
585 102 101 25 21
586 49 48 12 10
587 119 118 29 19
588 127 126 31 16
589 1 0 0 0
590 1 0 0 0
591 1 0 0 0
592 1 0 0 0
593 1 0 0 0
594 1 0 0 0
595 1 0 0 0
596 1 0 0 0
597 9 8 2 3
598 17 16 4 6
599 40 39 9 13
600 45 44 11 14
601 58 57 14 9
602 110 109 27 22
603 126 125 31 16
604 110 109 27 22
605 82 81 20 30
606 126 125 31 16
607 66 65 16 24
608 10 9 2 3
609 79 78 19 26
610 99 98 24 20
611 57 56 14 9
612 90 89 22 29
613 65 64 16 24
614 116 115 28 18
615 32 31 7 4
616 83 82 20 30
617 113 112 28 18
618 52 51 12 10
619 119 118 29 19
620 58 57 14 9
621 16 15 3 2
622 77 76 19 26
623 6 5 1 1
624 42 41 10 15
625 67 66 16 24
626 124 123 30 17
627 66 65 16 24
628 3 2 0 0
629 82 81 20 30
630 72 71 17 25
631 59 58 14 9
632 50 49 12 10
633 119 118 29 19
634 99 98 24 20
635 97 96 24 20
636 98 97 24 20
637 1 0 0 0
638 113 112 28 18
639 16 15 3 2
640 69 68 17 25
641 69 68 17 25
642 23 22 5 7
643 42 41 10 15
644 114 113 28 18
645 22 21 5 7
646 5 4 1 1
647 27 26 6 5
648 77 76 19 26
649 89 88 22 29
650 116 115 28 18
651 9 8 2 3
652 43 42 10 15
653 50 49 12 10
654 29 28 7 4
655 77 76 19 26
656 48 47 11 14
657 4 3 0 0
658 27 26 6 5
659 97 96 24 20
660 97 96 24 20
661 97 96 24 20
662 97 96 24 20
663 97 96 24 20
664 97 96 24 20
665 97 96 24 20
666 97 96 24 20
667 105 104 26 23
668 113 112 28 18
669 73 72 18 27
670 81 80 20 30
671 26 25 6 5
672 78 77 19 26
673 93 92 23 28
674 78 77 19 26
675 50 49 12 10
676 94 93 23 28
677 34 33 8 12
678 106 105 26 23
679 47 46 11 14
680 67 66 16 24
681 25 24 6 5
682 58 57 14 9
683 33 32 8 12
684 84 83 20 30
685 0 127 31 16
686 51 50 12 10
687 81 80 20 30
688 20 19 4 6
689 87 86 21 31
690 26 25 6 5
691 112 111 27 22
692 44 43 10 15
693 102 101 25 21
694 10 9 2 3
695 35 34 8 12
696 91 90 22 29
697 34 33 8 12
698 99 98 24 20
699 50 49 12 10
700 40 39 9 13
701 28 27 6 5
702 18 17 4 6
703 87 86 21 31
704 67 66 16 24
705 64 63 15 8
706 66 65 16 24
707 97 96 24 20
708 81 80 20 30
709 81 80 20 30
710 111 110 27 22
711 83 82 20 30
712 103 102 25 21
713 21 20 5 7
714 48 47 11 14
715 105 104 26 23
716 110 109 27 22
717 5 4 1 1
718 71 70 17 25
719 124 123 30 17
720 41 40 10 15
721 125 124 31 16
722 108 107 26 23
723 72 71 17 25
724 88 87 21 31
725 24 23 5 7
726 85 84 21 31
727 7 6 1 1
728 24 23 5 7
729 64 63 15 8
730 65 64 16 24
731 65 64 16 24
732 65 64 16 24
733 65 64 16 24
734 65 64 16 24
735 65 64 16 24
736 65 64 16 24
737 73 72 18 27
738 81 80 20 30
739 3 2 0 0
740 119 118 29 19
741 122 121 30 17
742 46 45 11 14
743 61 60 15 8
744 46 45 11 14
745 46 45 11 14
746 62 61 15 8
747 63 62 15 8
748 2 1 0 0
749 74 73 18 27
750 15 14 3 2
751 35 34 8 12
752 25 24 6 5
753 1 0 0 0
754 52 51 12 10
755 96 95 23 28
756 97 96 24 20
757 19 18 4 6
758 48 47 11 14
759 55 54 13 11
760 122 121 30 17
761 80 79 19 26
762 13 12 3 2
763 70 69 17 25
764 106 105 26 23
765 4 3 0 0
766 60 59 14 9
767 60 59 14 9
768 2 1 0 0
769 67 66 16 24
770 18 17 4 6
771 124 123 30 17
772 123 122 30 17
773 55 54 13 11
774 55 54 13 11
775 34 33 8 12
776 34 33 8 12
777 64 63 15 8
778 65 64 16 24
779 14 13 3 2
780 28 27 6 5
781 108 107 26 23
782 57 56 14 9
783 63 62 15 8
784 8 7 1 1
785 84 83 20 30
786 64 63 15 8
787 111 110 27 22
788 41 40 10 15
789 78 77 19 26
790 12 11 2 3
791 111 110 27 22
792 119 118 29 19
793 31 30 7 4
794 11 10 2 3
795 79 78 19 26
796 23 22 5 7
797 15 14 3 2
798 109 108 27 22
799 33 32 8 12
800 33 32 8 12
801 33 32 8 12
802 33 32 8 12
803 33 32 8 12
804 33 32 8 12
805 33 32 8 12
806 33 32 8 12
807 41 40 10 15
808 49 48 12 10
809 52 51 12 10
810 105 104 26 23
811 47 46 11 14
812 90 89 22 29
813 14 13 3 2
814 30 29 7 4
815 14 13 3 2
816 114 113 28 18
817 30 29 7 4
818 98 97 24 20
819 42 41 10 15
820 111 110 27 22
821 3 2 0 0
822 89 88 22 29
823 122 121 30 17
824 97 96 24 20
825 20 19 4 6
826 64 63 15 8
827 114 113 28 18
828 17 16 4 6
829 83 82 20 30
830 23 22 5 7
831 90 89 22 29
832 48 47 11 14
833 109 108 27 22
834 38 37 9 13
835 74 73 18 27
836 99 98 24 20
837 28 27 6 5
838 98 97 24 20
839 35 34 8 12
840 113 112 28 18
841 103 102 25 21
842 90 89 22 29
843 82 81 20 30
844 23 22 5 7
845 3 2 0 0
846 1 0 0 0
847 2 1 0 0
848 33 32 8 12
849 17 16 4 6
850 35 34 8 12
851 52 51 12 10
852 25 24 6 5
853 78 77 19 26
854 48 47 11 14
855 100 99 24 20
856 68 67 16 24
857 45 44 11 14
858 74 73 18 27
859 55 54 13 11
860 47 46 11 14
861 84 83 20 30
862 70 69 17 25
863 117 116 29 19
864 111 110 27 22
865 22 21 5 7
866 16 15 3 2
867 3 2 0 0
868 25 24 6 5
869 1 0 0 0
870 1 0 0 0
871 1 0 0 0
872 1 0 0 0
873 1 0 0 0
874 1 0 0 0
875 1 0 0 0
876 1 0 0 0
877 1 0 0 0
878 9 8 2 3
879 17 16 4 6
880 63 62 15 8
881 31 30 7 4
882 58 57 14 9
883 110 109 27 22
884 126 125 31 16
885 110 109 27 22
886 82 81 20 30
887 126 125 31 16
888 66 65 16 24
889 10 9 2 3
890 79 78 19 26
891 99 98 24 20
892 57 56 14 9
893 90 89 22 29
894 65 64 16 24
895 116 115 28 18
896 32 31 7 4
897 83 82 20 30
898 113 112 28 18
899 52 51 12 10
900 119 118 29 19
901 58 57 14 9
902 16 15 3 2
903 77 76 19 26
904 6 5 1 1
905 42 41 10 15
906 67 66 16 24
907 124 123 30 17
908 66 65 16 24
909 3 2 0 0
910 82 81 20 30
911 72 71 17 25
912 59 58 14 9
913 50 49 12 10
914 119 118 29 19
915 99 98 24 20
916 97 96 24 20
917 98 97 24 20
918 1 0 0 0
919 113 112 28 18
920 45 44 11 14
921 78 77 19 26
922 55 54 13 11
923 124 123 30 17
924 26 25 6 5
925 121 120 30 17
926 36 35 8 12
927 124 123 30 17
928 3 2 0 0
929 52 51 12 10
930 96 95 23 28
931 22 21 5 7
932 104 103 25 21
933 25 24 6 5
934 82 81 20 30
935 92 91 22 29
936 115 114 28 18
937 106 105 26 23
938 54 53 13 11
939 56 55 13 11
940 97 96 24 20
941 97 96 24 20
942 97 96 24 20
943 97 96 24 20
944 97 96 24 20
945 97 96 24 20
946 97 96 24 20
947 97 96 24 20
948 105 104 26 23
949 113 112 28 18
950 63 62 15 8
951 89 88 22 29
952 26 25 6 5
953 78 77 19 26
954 94 93 23 28
955 77 76 19 26
956 50 49 12 10
957 94 93 23 28
958 34 33 8 12
959 106 105 26 23
960 47 46 11 14
961 67 66 16 24
962 25 24 6 5
963 58 57 14 9
964 33 32 8 12
965 84 83 20 30
966 0 127 31 16
967 51 50 12 10
968 81 80 20 30
969 20 19 4 6
970 21 20 5 7
971 26 25 6 5
972 112 111 27 22
973 45 44 11 14
974 102 101 25 21
975 10 9 2 3
976 35 34 8 12
977 92 91 22 29
978 34 33 8 12
979 99 98 24 20
980 50 49 12 10
981 40 39 9 13
982 27 26 6 5
983 18 17 4 6
984 87 86 21 31
985 67 66 16 24
986 65 64 16 24
987 66 65 16 24
988 97 96 24 20
989 81 80 20 30
990 107 106 26 23
991 106 105 26 23
992 5 4 1 1
993 113 112 28 18
994 123 122 30 17
995 83 82 20 30
996 69 68 17 25
997 97 96 24 20
998 83 82 20 30
999 37 36 9 13
1000 115 114 28 18
1001 8 7 1 1
1002 79 78 19 26
1003 119 118 29 19
1004 70 69 17 25
1005 77 76 19 26
1006 96 95 23 28
1007 42 41 10 15
1008 45 44 11 14
1009 17 16 4 6
1010 65 64 16 24
1011 65 64 16 24
1012 65 64 16 24
1013 65 64 16 24
1014 65 64 16 24
1015 65 64 16 24
1016 65 64 16 24
1017 65 64 16 24
1018 73 72 18 27
1019 80 79 19 26
1020 75 74 18 27
1021 123 122 30 17
1022 123 122 30 17
1023 122 121 30 17
1024 61 60 15 8
1025 62 61 15 8
1026 18 17 4 6
1027 18 17 4 6
1028 59 58 14 9
1029 73 72 18 27
1030 15 14 3 2
1031 35 34 8 12
1032 35 34 8 12
1033 26 25 6 5
1034 26 25 6 5
1035 52 51 12 10
1036 96 95 23 28
1037 19 18 4 6
1038 18 17 4 6
1039 116 115 28 18
1040 54 53 13 11
1041 122 121 30 17
1042 121 120 30 17
1043 14 13 3 2
1044 13 12 3 2
1045 106 105 26 23
1046 106 105 26 23
1047 60 59 14 9
1048 3 2 0 0
1049 67 66 16 24
1050 19 18 4 6
1051 8 7 1 1
1052 7 6 1 1
1053 114 113 28 18
1054 55 54 13 11
1055 35 34 8 12
1056 34 33 8 12
1057 34 33 8 12
1058 65 64 16 24
1059 65 64 16 24
1060 49 48 12 10
1061 115 114 28 18
1062 14 13 3 2
1063 33 32 8 12
1064 88 87 21 31
1065 91 90 22 29
1066 84 83 20 30
1067 16 15 3 2
1068 25 24 6 5
1069 23 22 5 7
1070 82 81 20 30
1071 105 104 26 23
1072 46 45 11 14
1073 74 73 18 27
1074 54 53 13 11
1075 66 65 16 24
1076 62 61 15 8
1077 47 46 11 14
1078 107 106 26 23
1079 94 93 23 28
1080 33 32 8 12
1081 33 32 8 12
1082 33 32 8 12
1083 33 32 8 12
1084 33 32 8 12
1085 33 32 8 12
1086 33 32 8 12
1087 33 32 8 12
1088 33 32 8 12
1089 49 48 12 10
1090 49 48 12 10
1091 93 92 23 28
1092 102 101 25 21
1093 90 89 22 29
1094 14 13 3 2
1095 30 29 7 4
1096 14 13 3 2
1097 113 112 28 18
1098 30 29 7 4
1099 98 97 24 20
1100 42 41 10 15
1101 111 110 27 22
1102 3 2 0 0
1103 89 88 22 29
1104 122 121 30 17
1105 96 95 23 28
1106 20 19 4 6
1107 64 63 15 8
1108 115 114 28 18
1109 17 16 4 6
1110 84 83 20 30
1111 23 22 5 7
1112 90 89 22 29
1113 48 47 11 14
1114 109 108 27 22
1115 38 37 9 13
1116 74 73 18 27
1117 98 97 24 20
1118 28 27 6 5
1119 97 96 24 20
1120 35 34 8 12
1121 114 113 28 18
1122 103 102 25 21
1123 91 90 22 29
1124 23 22 5 7
1125 23 22 5 7
1126 3 2 0 0
1127 1 0 0 0
1128 2 1 0 0
1129 33 32 8 12
1130 17 16 4 6
1131 25 24 6 5
1132 67 66 16 24
1133 6 5 1 1
1134 26 25 6 5
1135 99 98 24 20
1136 8 7 1 1
1137 81 80 20 30
1138 5 4 1 1
1139 84 83 20 30
1140 55 54 13 11
1141 86 85 21 31
1142 120 119 29 19
1143 19 18 4 6
1144 49 48 12 10
1145 62 61 15 8
1146 52 51 12 10
1147 121 120 30 17
1148 104 103 25 21
1149 4 3 0 0
1150 1 0 0 0
1151 1 0 0 0
1152 1 0 0 0
1153 1 0 0 0
1154 1 0 0 0
1155 1 0 0 0
1156 1 0 0 0
1157 1 0 0 0
1158 1 0 0 0
1159 9 8 2 3
1160 17 16 4 6
1161 47 46 11 14
1162 91 90 22 29
1163 58 57 14 9
1164 110 109 27 22
1165 126 125 31 16
1166 110 109 27 22
1167 82 81 20 30
1168 126 125 31 16
1169 66 65 16 24
1170 10 9 2 3
1171 79 78 19 26
1172 99 98 24 20
1173 57 56 14 9
1174 90 89 22 29
1175 65 64 16 24
1176 116 115 28 18
1177 32 31 7 4
1178 83 82 20 30
1179 113 112 28 18
1180 52 51 12 10
1181 119 118 29 19
1182 58 57 14 9
1183 16 15 3 2
1184 77 76 19 26
1185 6 5 1 1
1186 42 41 10 15
1187 67 66 16 24
1188 124 123 30 17
1189 66 65 16 24
1190 3 2 0 0
1191 82 81 20 30
1192 72 71 17 25
1193 59 58 14 9
1194 50 49 12 10
1195 119 118 29 19
1196 99 98 24 20
1197 97 96 24 20
1198 98 97 24 20
1199 1 0 0 0
1200 113 112 28 18
1201 100 99 24 20
1202 58 57 14 9
1203 85 84 21 31
1204 9 8 2 3
1205 17 16 4 6
1206 33 32 8 12
1207 6 5 1 1
1208 19 18 4 6
1209 114 113 28 18
1210 28 27 6 5
1211 110 109 27 22
1212 33 32 8 12
1213 40 39 9 13
1214 68 67 16 24
1215 9 8 2 3
1216 63 62 15 8
1217 82 81 20 30
1218 70 69 17 25
1219 94 93 23 28
1220 123 122 30 17
1221 98 97 24 20
1222 97 96 24 20
1223 97 96 24 20
1224 97 96 24 20
1225 97 96 24 20
1226 97 96 24 20
1227 97 96 24 20
1228 97 96 24 20
1229 104 103 25 21
1230 113 112 28 18
1231 37 36 9 13
1232 121 120 30 17
1233 26 25 6 5
1234 78 77 19 26
1235 94 93 23 28
1236 78 77 19 26
1237 50 49 12 10
1238 94 93 23 28
1239 34 33 8 12
1240 106 105 26 23
1241 47 46 11 14
1242 67 66 16 24
1243 25 24 6 5
1244 58 57 14 9
1245 33 32 8 12
1246 83 82 20 30
1247 0 127 31 16
1248 51 50 12 10
1249 80 79 19 26
1250 20 19 4 6
1251 87 86 21 31
1252 26 25 6 5
1253 112 111 27 22
1254 45 44 11 14
1255 102 101 25 21
1256 10 9 2 3
1257 35 34 8 12
1258 91 90 22 29
1259 34 33 8 12
1260 99 98 24 20
1261 50 49 12 10
1262 40 39 9 13
1263 27 26 6 5
1264 18 17 4 6
1265 87 86 21 31
1266 67 66 16 24
1267 65 64 16 24
1268 66 65 16 24
1269 97 96 24 20
1270 81 80 20 30
1271 58 57 14 9
1272 89 88 22 29
1273 10 9 2 3
1274 96 95 23 28
1275 104 103 25 21
1276 24 23 5 7
1277 96 95 23 28
1278 55 54 13 11
1279 72 71 17 25
1280 36 35 8 12
1281 2 1 0 0
1282 18 17 4 6
1283 107 106 26 23
1284 53 52 13 11
1285 79 78 19 26
1286 107 106 26 23
1287 78 77 19 26
1288 32 31 7 4
1289 112 111 27 22
1290 22 21 5 7
1291 64 63 15 8
1292 65 64 16 24
1293 65 64 16 24
1294 65 64 16 24
1295 65 64 16 24
1296 65 64 16 24
1297 65 64 16 24
1298 65 64 16 24
1299 72 71 17 25
1300 80 79 19 26
1301 9 8 2 3
1302 114 113 28 18
1303 123 122 30 17
1304 46 45 11 14
1305 62 61 15 8
1306 62 61 15 8
1307 18 17 4 6
1308 62 61 15 8
1309 63 62 15 8
1310 2 1 0 0
1311 74 73 18 27
1312 15 14 3 2
1313 122 121 30 17
1314 26 25 6 5
1315 26 25 6 5
1316 52 51 12 10
1317 51 50 12 10
1318 95 94 23 28
1319 48 47 11 14
1320 50 49 12 10
1321 115 114 28 18
1322 123 122 30 17
1323 80 79 19 26
1324 80 79 19 26
1325 70 69 17 25
1326 106 105 26 23
1327 106 105 26 23
1328 60 59 14 9
1329 2 1 0 0
1330 66 65 16 24
1331 67 66 16 24
1332 9 8 2 3
1333 7 6 1 1
1334 114 113 28 18
1335 54 53 13 11
1336 34 33 8 12
1337 34 33 8 12
1338 33 32 8 12
1339 64 63 15 8
1340 65 64 16 24
1341 49 48 12 10
1342 81 80 20 30
1343 24 23 5 7
1344 75 74 18 27
1345 66 65 16 24
1346 8 7 1 1
1347 97 96 24 20
1348 100 99 24 20
1349 19 18 4 6
1350 85 84 21 31
1351 73 72 18 27
1352 110 109 27 22
1353 10 9 2 3
1354 49 48 12 10
1355 102 101 25 21
1356 57 56 14 9
1357 86 85 21 31
1358 106 105 26 23
1359 45 44 11 14
1360 14 13 3 2
1361 33 32 8 12
1362 33 32 8 12
1363 33 32 8 12
1364 33 32 8 12
1365 33 32 8 12
1366 33 32 8 12
1367 33 32 8 12
1368 33 32 8 12
1369 32 31 7 4
1370 41 40 10 15
1371 49 48 12 10
1372 119 118 29 19
1373 59 58 14 9
1374 90 89 22 29
1375 14 13 3 2
1376 30 29 7 4
1377 14 13 3 2
1378 114 113 28 18
1379 30 29 7 4
1380 97 96 24 20
1381 42 41 10 15
1382 111 110 27 22
1383 3 2 0 0
1384 89 88 22 29
1385 121 120 30 17
1386 97 96 24 20
1387 20 19 4 6
1388 64 63 15 8
1389 115 114 28 18
1390 17 16 4 6
1391 84 83 20 30
1392 23 22 5 7
1393 90 89 22 29
1394 48 47 11 14
1395 109 108 27 22
1396 38 37 9 13
1397 74 73 18 27
1398 99 98 24 20
1399 28 27 6 5
1400 98 97 24 20
1401 35 34 8 12
1402 114 113 28 18
1403 104 103 25 21
1404 91 90 22 29
1405 82 81 20 30
1406 23 22 5 7
1407 3 2 0 0
1408 1 0 0 0
1409 2 1 0 0
1410 33 32 8 12
1411 17 16 4 6
1412 33 32 8 12
1413 88 87 21 31
1414 46 45 11 14
1415 17 16 4 6
1416 28 27 6 5
1417 105 104 26 23
1418 43 42 10 15
1419 62 61 15 8
1420 121 120 30 17
1421 93 92 23 28
1422 93 92 23 28
1423 102 101 25 21
1424 6 5 1 1
1425 0 127 31 16
1426 28 27 6 5
1427 87 86 21 31
1428 68 67 16 24
1429 38 37 9 13
1430 52 51 12 10
1431 127 126 31 16
1432 1 0 0 0
1433 1 0 0 0
1434 1 0 0 0
1435 1 0 0 0
1436 1 0 0 0
1437 1 0 0 0
1438 1 0 0 0
1439 1 0 0 0
1440 9 8 2 3
1441 17 16 4 6
1442 101 100 25 21
1443 26 25 6 5
1444 58 57 14 9
1445 110 109 27 22
1446 126 125 31 16
1447 110 109 27 22
1448 82 81 20 30
1449 126 125 31 16
1450 66 65 16 24
1451 10 9 2 3
1452 79 78 19 26
1453 99 98 24 20
1454 57 56 14 9
1455 90 89 22 29
1456 65 64 16 24
1457 116 115 28 18
1458 32 31 7 4
1459 83 82 20 30
1460 113 112 28 18
1461 52 51 12 10
1462 119 118 29 19
1463 58 57 14 9
1464 16 15 3 2
1465 77 76 19 26
1466 6 5 1 1
1467 42 41 10 15
1468 67 66 16 24
1469 124 123 30 17
1470 66 65 16 24
1471 3 2 0 0
1472 82 81 20 30
1473 72 71 17 25
1474 59 58 14 9
1475 50 49 12 10
1476 119 118 29 19
1477 99 98 24 20
1478 97 96 24 20
1479 98 97 24 20
1480 1 0 0 0
1481 113 112 28 18
1482 127 126 31 16
1483 17 16 4 6
1484 123 122 30 17
1485 20 19 4 6
1486 83 82 20 30
1487 125 124 31 16
1488 41 40 10 15
1489 68 67 16 24
1490 44 43 10 15
1491 80 79 19 26
1492 36 35 8 12
1493 0 127 31 16
1494 115 114 28 18
1495 23 22 5 7
1496 57 56 14 9
1497 75 74 18 27
1498 15 14 3 2
1499 56 55 13 11
1500 127 126 31 16
1501 13 12 3 2
1502 97 96 24 20
1503 97 96 24 20
1504 97 96 24 20
1505 97 96 24 20
1506 97 96 24 20
1507 97 96 24 20
1508 97 96 24 20
1509 97 96 24 20
1510 105 104 26 23
1511 113 112 28 18
1512 47 46 11 14
1513 23 22 5 7
1514 26 25 6 5
1515 78 77 19 26
1516 94 93 23 28
1517 78 77 19 26
1518 50 49 12 10
1519 94 93 23 28
1520 34 33 8 12
1521 105 104 26 23
1522 47 46 11 14
1523 67 66 16 24
1524 25 24 6 5
1525 58 57 14 9
1526 33 32 8 12
1527 83 82 20 30
1528 0 127 31 16
1529 51 50 12 10
1530 81 80 20 30
1531 20 19 4 6
1532 87 86 21 31
1533 26 25 6 5
1534 112 111 27 22
1535 45 44 11 14
1536 102 101 25 21
1537 10 9 2 3
1538 35 34 8 12
1539 92 91 22 29
1540 34 33 8 12
1541 99 98 24 20
1542 50 49 12 10
1543 40 39 9 13
1544 27 26 6 5
1545 18 17 4 6
1546 87 86 21 31
1547 67 66 16 24
1548 65 64 16 24
1549 66 65 16 24
1550 97 96 24 20
1551 81 80 20 30
1552 17 16 4 6
1553 6 5 1 1
1554 23 22 5 7
1555 79 78 19 26
1556 34 33 8 12
1557 57 56 14 9
1558 61 60 15 8
1559 100 99 24 20
1560 104 103 25 21
1561 10 9 2 3
1562 98 97 24 20
1563 61 60 15 8
1564 89 88 22 29
1565 92 91 22 29
1566 73 72 18 27
1567 7 6 1 1
1568 70 69 17 25
1569 124 123 30 17
1570 30 29 7 4
1571 120 119 29 19
1572 65 64 16 24
1573 65 64 16 24
1574 65 64 16 24
1575 65 64 16 24
1576 65 64 16 24
1577 65 64 16 24
1578 65 64 16 24
1579 65 64 16 24
1580 73 72 18 27
1581 80 79 19 26
1582 82 81 20 30
1583 19 18 4 6
1584 56 55 13 11
1585 45 44 11 14
1586 62 61 15 8
1587 62 61 15 8
1588 46 45 11 14
1589 62 61 15 8
1590 2 1 0 0
1591 74 73 18 27
1592 74 73 18 27
1593 14 13 3 2
1594 121 120 30 17
1595 26 25 6 5
1596 25 24 6 5
1597 52 51 12 10
1598 51 50 12 10
1599 19 18 4 6
1600 19 18 4 6
1601 116 115 28 18
1602 115 114 28 18
1603 123 122 30 17
1604 121 120 30 17
1605 13 12 3 2
1606 69 68 17 25
1607 71 70 17 25
1608 106 105 26 23
1609 59 58 14 9
1610 2 1 0 0
1611 2 1 0 0
1612 21 20 5 7
1613 8 7 1 1
1614 7 6 1 1
1615 122 121 30 17
1616 55 54 13 11
1617 35 34 8 12
1618 34 33 8 12
1619 34 33 8 12
1620 34 33 8 12
1621 65 64 16 24
1622 5 4 1 1
1623 21 20 5 7
1624 59 58 14 9
1625 16 15 3 2
1626 18 17 4 6
1627 19 18 4 6
1628 36 35 8 12
1629 30 29 7 4
1630 120 119 29 19
1631 84 83 20 30
1632 111 110 27 22
1633 17 16 4 6
1634 12 11 2 3
1635 117 116 29 19
1636 12 11 2 3
1637 102 101 25 21
1638 40 39 9 13
1639 43 42 10 15
1640 46 45 11 14
1641 11 10 2 3
1642 33 32 8 12
1643 33 32 8 12
1644 33 32 8 12
1645 33 32 8 12
1646 33 32 8 12
1647 33 32 8 12
1648 33 32 8 12
1649 33 32 8 12
1650 40 39 9 13
1651 49 48 12 10
1652 49 48 12 10
1653 15 14 3 2
1654 89 88 22 29
1655 90 89 22 29
1656 14 13 3 2
1657 30 29 7 4
1658 14 13 3 2
1659 114 113 28 18
1660 30 29 7 4
1661 98 97 24 20
1662 42 41 10 15
1663 110 109 27 22
1664 2 1 0 0
1665 89 88 22 29
1666 122 121 30 17
1667 97 96 24 20
1668 20 19 4 6
1669 64 63 15 8
1670 115 114 28 18
1671 17 16 4 6
1672 84 83 20 30
1673 22 21 5 7
1674 90 89 22 29
1675 48 47 11 14
1676 109 108 27 22
1677 38 37 9 13
1678 74 73 18 27
1679 99 98 24 20
1680 28 27 6 5
1681 98 97 24 20
1682 35 34 8 12
1683 114 113 28 18
1684 104 103 25 21
1685 91 90 22 29
1686 81 80 20 30
1687 23 22 5 7
1688 3 2 0 0
1689 1 0 0 0
1690 2 1 0 0
1691 33 32 8 12
1692 17 16 4 6
1693 98 97 24 20
1694 33 32 8 12
1695 9 8 2 3
1696 13 12 3 2
1697 71 70 17 25
1698 122 121 30 17
1699 62 61 15 8
1700 93 92 23 28
1701 1 0 0 0
1702 94 93 23 28
1703 102 101 25 21
1704 39 38 9 13
1705 104 103 25 21
1706 68 67 16 24
1707 100 99 24 20
1708 10 9 2 3
1709 5 4 1 1
1710 73 72 18 27
1711 110 109 27 22
1712 79 78 19 26
1713 1 0 0 0
1714 1 0 0 0
1715 1 0 0 0
1716 1 0 0 0
1717 1 0 0 0
1718 1 0 0 0
1719 1 0 0 0
1720 1 0 0 0
1721 9 8 2 3
1722 17 16 4 6
1723 111 110 27 22
1724 42 41 10 15
1725 58 57 14 9
1726 110 109 27 22
1727 126 125 31 16
1728 110 109 27 22
1729 82 81 20 30
1730 126 125 31 16
1731 66 65 16 24
1732 10 9 2 3
1733 79 78 19 26
1734 99 98 24 20
1735 57 56 14 9
1736 90 89 22 29
1737 65 64 16 24
1738 116 115 28 18
1739 32 31 7 4
1740 83 82 20 30
1741 113 112 28 18
1742 52 51 12 10
1743 119 118 29 19
1744 58 57 14 9
1745 16 15 3 2
1746 77 76 19 26
1747 6 5 1 1
1748 42 41 10 15
1749 67 66 16 24
1750 124 123 30 17
1751 66 65 16 24
1752 3 2 0 0
1753 82 81 20 30
1754 72 71 17 25
1755 59 58 14 9
1756 50 49 12 10
1757 119 118 29 19
1758 99 98 24 20
1759 97 96 24 20
1760 98 97 24 20
1761 1 0 0 0
1762 113 112 28 18
1763 74 73 18 27
1764 99 98 24 20
1765 20 19 4 6
1766 63 62 15 8
1767 84 83 20 30
1768 66 65 16 24
1769 68 67 16 24
1770 69 68 17 25
1771 50 49 12 10
1772 62 61 15 8
1773 84 83 20 30
1774 31 30 7 4
1775 95 94 23 28
1776 82 81 20 30
1777 35 34 8 12
1778 95 94 23 28
1779 86 85 21 31
1780 107 106 26 23
1781 95 94 23 28
1782 66 65 16 24
1783 97 96 24 20
1784 97 96 24 20
1785 97 96 24 20
1786 97 96 24 20
1787 97 96 24 20
1788 97 96 24 20
1789 97 96 24 20
1790 97 96 24 20
1791 105 104 26 23
1792 113 112 28 18
1793 47 46 11 14
1794 23 22 5 7
1795 26 25 6 5
1796 78 77 19 26
1797 94 93 23 28
1798 77 76 19 26
1799 50 49 12 10
1800 94 93 23 28
1801 34 33 8 12
1802 106 105 26 23
1803 47 46 11 14
1804 67 66 16 24
1805 25 24 6 5
1806 58 57 14 9
1807 33 32 8 12
1808 84 83 20 30
1809 1 0 0 0
1810 51 50 12 10
1811 81 80 20 30
1812 20 19 4 6
1813 87 86 21 31
1814 26 25 6 5
1815 112 111 27 22
1816 45 44 11 14
1817 102 101 25 21
1818 10 9 2 3
1819 35 34 8 12
1820 92 91 22 29
1821 34 33 8 12
1822 99 98 24 20
1823 50 49 12 10
1824 40 39 9 13
1825 27 26 6 5
1826 18 17 4 6
1827 87 86 21 31
1828 67 66 16 24
1829 65 64 16 24
1830 66 65 16 24
1831 97 96 24 20
1832 81 80 20 30
1833 81 80 20 30
1834 96 95 23 28
1835 14 13 3 2
1836 89 88 22 29
1837 55 54 13 11
1838 98 97 24 20
1839 119 118 29 19
1840 100 99 24 20
1841 59 58 14 9
1842 107 106 26 23
1843 70 69 17 25
1844 73 72 18 27
1845 68 67 16 24
1846 85 84 21 31
1847 42 41 10 15
1848 2 1 0 0
1849 6 5 1 1
1850 11 10 2 3
1851 57 56 14 9
1852 99 98 24 20
1853 65 64 16 24
1854 65 64 16 24
1855 65 64 16 24
1856 65 64 16 24
1857 65 64 16 24
1858 65 64 16 24
1859 65 64 16 24
1860 65 64 16 24
1861 73 72 18 27
1862 80 79 19 26
1863 82 81 20 30
1864 29 28 7 4
1865 123 122 30 17
1866 121 120 30 17
1867 61 60 15 8
1868 62 61 15 8
1869 18 17 4 6
1870 17 16 4 6
1871 62 61 15 8
1872 1 0 0 0
1873 16 15 3 2
1874 14 13 3 2
1875 34 33 8 12
1876 121 120 30 17
1877 1 0 0 0
1878 0 127 31 16
1879 96 95 23 28
1880 19 18 4 6
1881 18 17 4 6
1882 117 116 29 19
1883 55 54 13 11
1884 120 119 29 19
1885 80 79 19 26
1886 14 13 3 2
1887 69 68 17 25
1888 71 70 17 25
1889 1 0 0 0
1890 3 2 0 0
1891 3 2 0 0
1892 2 1 0 0
1893 18 17 4 6
1894 8 7 1 1
1895 8 7 1 1
1896 114 113 28 18
1897 55 54 13 11
1898 35 34 8 12
1899 34 33 8 12
1900 34 33 8 12
1901 64 63 15 8
1902 49 48 12 10
1903 49 48 12 10
1904 39 38 9 13
1905 8 7 1 1
1906 9 8 2 3
1907 66 65 16 24
1908 37 36 9 13
1909 67 66 16 24
1910 98 97 24 20
1911 83 82 20 30
1912 23 22 5 7
1913 94 93 23 28
1914 41 40 10 15
1915 51 50 12 10
