#index raw norm_full norm_ldro gray_ldro
0 89 88 22 29
1 13 12 3 2
2 29 28 7 4
3 13 12 3 2
4 113 112 28 18
5 29 28 7 4
6 97 96 24 20
7 41 40 10 15
8 110 109 27 22
9 2 1 0 0
10 88 87 21 31
11 121 120 30 17
12 96 95 23 28
13 19 18 4 6
14 63 62 15 8
15 114 113 28 18
16 16 15 3 2
17 83 82 20 30
18 22 21 5 7
19 89 88 22 29
20 47 46 11 14
21 108 107 26 23
22 37 36 9 13
23 73 72 18 27
24 98 97 24 20
25 27 26 6 5
26 97 96 24 20
27 34 33 8 12
28 113 112 28 18
29 103 102 25 21
30 90 89 22 29
31 81 80 20 30
32 22 21 5 7
33 2 1 0 0
34 0 127 31 16
35 1 0 0 0
36 32 31 7 4
37 16 15 3 2
38 6 5 1 1
39 64 63 15 8
40 11 10 2 3
41 74 73 18 27
42 100 99 24 20
43 65 64 16 24
44 114 113 28 18
45 79 78 19 26
46 4 3 0 0
47 60 59 14 9
48 123 122 30 17
49 112 111 27 22
50 40 39 9 13
51 38 37 9 13
52 30 29 7 4
53 15 14 3 2
54 66 65 16 24
55 75 74 18 27
56 70 69 17 25
57 26 25 6 5
58 0 127 31 16
59 0 127 31 16
60 0 127 31 16
61 0 127 31 16
62 0 127 31 16
63 0 127 31 16
64 0 127 31 16
65 0 127 31 16
66 8 7 1 1
67 16 15 3 2
68 92 91 22 29
69 122 121 30 17
70 57 56 14 9
71 109 108 27 22
72 125 124 31 16
73 109 108 27 22
74 81 80 20 30
75 125 124 31 16
76 65 64 16 24
77 9 8 2 3
78 78 77 19 26
79 98 97 24 20
80 56 55 13 11
81 89 88 22 29
82 64 63 15 8
83 115 114 28 18
84 31 30 7 4
85 82 81 20 30
86 112 111 27 22
87 51 50 12 10
88 118 117 29 19
89 57 56 14 9
90 15 14 3 2
91 76 75 18 27
92 5 4 1 1
93 41 40 10 15
94 66 65 16 24
95 123 122 30 17
96 65 64 16 24
97 2 1 0 0
98 81 80 20 30
99 71 70 17 25
100 58 57 14 9
101 49 48 12 10
102 118 117 29 19
103 98 97 24 20
104 96 95 23 28
105 97 96 24 20
106 0 127 31 16
107 112 111 27 22
108 112 111 27 22
109 92 91 22 29
110 60 59 14 9
111 87 86 21 31
112 30 29 7 4
113 5 4 1 1
114 20 19 4 6
115 46 45 11 14
116 107 106 26 23
117 87 86 21 31
118 86 85 21 31
119 33 32 8 12
120 110 109 27 22
121 74 73 18 27
122 28 27 6 5
123 95 94 23 28
124 8 7 1 1
125 91 90 22 29
126 6 5 1 1
127 108 107 26 23
128 95 94 23 28
129 96 95 23 28
130 96 95 23 28
131 96 95 23 28
132 96 95 23 28
133 96 95 23 28
134 96 95 23 28
135 96 95 23 28
136 104 103 25 21
137 112 111 27 22
138 112 111 27 22
139 126 125 31 16
140 25 24 6 5
141 77 76 19 26
142 92 91 22 29
143 76 75 18 27
144 77 76 19 26
145 49 48 12 10
146 33 32 8 12
147 33 32 8 12
148 46 45 11 14
149 46 45 11 14
150 24 23 5 7
151 24 23 5 7
152 56 55 13 11
153 83 82 20 30
154 127 126 31 16
155 126 125 31 16
156 50 49 12 10
157 9 8 2 3
158 19 18 4 6
159 26 25 6 5
160 25 24 6 5
161 111 110 27 22
162 44 43 10 15
163 9 8 2 3
164 35 34 8 12
165 91 90 22 29
166 34 33 8 12
167 98 97 24 20
168 98 97 24 20
169 40 39 9 13
170 26 25 6 5
171 18 17 4 6
172 85 84 21 31
173 66 65 16 24
174 65 64 16 24
175 65 64 16 24
176 96 95 23 28
177 97 96 24 20
178 79 78 19 26
179 91 90 22 29
180 32 31 7 4
181 55 54 13 11
182 99 98 24 20
183 57 56 14 9
184 37 36 9 13
185 55 54 13 11
186 3 2 0 0
187 105 104 26 23
188 23 22 5 7
189 43 42 10 15
190 59 58 14 9
191 37 36 9 13
192 40 39 9 13
193 83 82 20 30
194 80 79 19 26
195 96 95 23 28
196 83 82 20 30
197 10 9 2 3
198 119 118 29 19
199 64 63 15 8
200 64 63 15 8
201 64 63 15 8
202 64 63 15 8
203 64 63 15 8
204 64 63 15 8
205 64 63 15 8
206 72 71 17 25
207 79 78 19 26
208 80 79 19 26
209 108 107 26 23
210 80 79 19 26
211 121 120 30 17
212 45 44 11 14
213 61 60 15 8
214 45 44 11 14
215 17 16 4 6
216 61 60 15 8
217 1 0 0 0
218 73 72 18 27
219 14 13 3 2
220 34 33 8 12
221 120 119 29 19
222 24 23 5 7
223 0 127 31 16
224 51 50 12 10
225 95 94 23 28
226 18 17 4 6
227 48 47 11 14
228 115 114 28 18
229 54 53 13 11
230 121 120 30 17
231 79 78 19 26
232 12 11 2 3
233 69 68 17 25
234 105 104 26 23
235 2 1 0 0
236 59 58 14 9
237 1 0 0 0
238 66 65 16 24
239 17 16 4 6
240 7 6 1 1
241 122 121 30 17
242 113 112 28 18
243 54 53 13 11
244 34 33 8 12
245 32 31 7 4
246 33 32 8 12
247 64 63 15 8
248 48 47 11 14
249 3 2 0 0
250 44 43 10 15
251 5 4 1 1
252 37 36 9 13
253 99 98 24 20
254 48 47 11 14
255 109 108 27 22
256 115 114 28 18
257 29 28 7 4
258 55 54 13 11
259 1 0 0 0
260 65 64 16 24
261 96 95 23 28
262 16 15 3 2
263 95 94 23 28
264 35 34 8 12
265 108 107 26 23
266 10 9 2 3
267 14 13 3 2
268 76 75 18 27
269 32 31 7 4
270 32 31 7 4
271 32 31 7 4
272 32 31 7 4
273 32 31 7 4
274 32 31 7 4
275 32 31 7 4
276 32 31 7 4
277 40 39 9 13
278 48 47 11 14
279 116 115 28 18
280 74 73 18 27
281 89 88 22 29
282 13 12 3 2
283 29 28 7 4
284 13 12 3 2
285 113 112 28 18
286 29 28 7 4
287 97 96 24 20
288 41 40 10 15
289 110 109 27 22
290 2 1 0 0
291 88 87 21 31
292 121 120 30 17
293 96 95 23 28
294 19 18 4 6
295 63 62 15 8
296 114 113 28 18
297 16 15 3 2
298 83 82 20 30
299 22 21 5 7
300 89 88 22 29
301 47 46 11 14
302 108 107 26 23
303 37 36 9 13
304 73 72 18 27
305 98 97 24 20
306 27 26 6 5
307 97 96 24 20
308 34 33 8 12
309 113 112 28 18
310 103 102 25 21
311 90 89 22 29
312 81 80 20 30
313 22 21 5 7
314 2 1 0 0
315 0 127 31 16
316 1 0 0 0
317 32 31 7 4
318 16 15 3 2
319 73 72 18 27
320 103 102 25 21
321 70 69 17 25
322 24 23 5 7
323 31 30 7 4
324 42 41 10 15
325 122 121 30 17
326 48 47 11 14
327 40 39 9 13
328 61 60 15 8
329 32 31 7 4
330 74 73 18 27
331 38 37 9 13
332 42 41 10 15
333 22 21 5 7
334 46 45 11 14
335 79 78 19 26
336 85 84 21 31
337 4 3 0 0
338 109 108 27 22
339 0 127 31 16
340 0 127 31 16
341 0 127 31 16
342 0 127 31 16
343 0 127 31 16
344 0 127 31 16
345 0 127 31 16
346 0 127 31 16
347 8 7 1 1
348 16 15 3 2
349 111 110 27 22
350 36 35 8 12
351 58 57 14 9
352 109 108 27 22
353 125 124 31 16
354 109 108 27 22
355 81 80 20 30
356 125 124 31 16
357 65 64 16 24
358 9 8 2 3
359 78 77 19 26
360 98 97 24 20
361 56 55 13 11
362 89 88 22 29
363 64 63 15 8
364 63 62 15 8
365 31 30 7 4
366 82 81 20 30
367 112 111 27 22
368 51 50 12 10
369 118 117 29 19
370 57 56 14 9
371 15 14 3 2
372 76 75 18 27
373 5 4 1 1
374 42 41 10 15
375 66 65 16 24
376 123 122 30 17
377 65 64 16 24
378 2 1 0 0
379 81 80 20 30
380 71 70 17 25
381 58 57 14 9
382 49 48 12 10
383 118 117 29 19
384 98 97 24 20
385 95 94 23 28
386 97 96 24 20
387 0 127 31 16
388 112 111 27 22
389 71 70 17 25
390 1 0 0 0
391 44 43 10 15
392 75 74 18 27
393 68 67 16 24
394 81 80 20 30
395 33 32 8 12
396 34 33 8 12
397 44 43 10 15
398 75 74 18 27
399 5 4 1 1
400 17 16 4 6
401 25 24 6 5
402 90 89 22 29
403 86 85 21 31
404 29 28 7 4
405 124 123 30 17
406 120 119 29 19
407 50 49 12 10
408 77 76 19 26
409 96 95 23 28
410 96 95 23 28
411 96 95 23 28
412 96 95 23 28
413 96 95 23 28
414 96 95 23 28
415 96 95 23 28
416 96 95 23 28
417 104 103 25 21
418 112 111 27 22
419 111 110 27 22
420 22 21 5 7
421 25 24 6 5
422 76 75 18 27
423 77 76 19 26
424 93 92 23 28
425 77 76 19 26
426 49 48 12 10
427 33 32 8 12
428 33 32 8 12
429 46 45 11 14
430 46 45 11 14
431 65 64 16 24
432 24 23 5 7
433 57 56 14 9
434 32 31 7 4
435 83 82 20 30
436 127 126 31 16
437 50 49 12 10
438 19 18 4 6
439 86 85 21 31
440 26 25 6 5
441 24 23 5 7
442 45 44 11 14
443 100 99 24 20
444 102 101 25 21
445 35 34 8 12
446 91 90 22 29
447 92 91 22 29
448 32 31 7 4
449 50 49 12 10
450 49 48 12 10
451 39 38 9 13
452 17 16 4 6
453 85 84 21 31
454 87 86 21 31
455 65 64 16 24
456 65 64 16 24
457 96 95 23 28
458 96 95 23 28
459 80 79 19 26
460 118 117 29 19
461 75 74 18 27
462 56 55 13 11
463 101 100 25 21
464 37 36 9 13
465 29 28 7 4
466 88 87 21 31
467 126 125 31 16
468 88 87 21 31
469 70 69 17 25
470 2 1 0 0
471 30 29 7 4
472 14 13 3 2
473 11 10 2 3
474 2 1 0 0
475 63 62 15 8
476 6 5 1 1
477 77 76 19 26
478 111 110 27 22
479 64 63 15 8
480 64 63 15 8
481 64 63 15 8
482 64 63 15 8
483 64 63 15 8
484 64 63 15 8
485 64 63 15 8
486 64 63 15 8
487 63 62 15 8
488 79 78 19 26
489 80 79 19 26
490 108 107 26 23
491 24 23 5 7
492 121 120 30 17
493 45 44 11 14
494 61 60 15 8
495 45 44 11 14
496 17 16 4 6
497 61 60 15 8
498 1 0 0 0
499 73 72 18 27
500 14 13 3 2
501 34 33 8 12
502 120 119 29 19
503 25 24 6 5
504 0 127 31 16
505 51 50 12 10
506 95 94 23 28
507 18 17 4 6
508 48 47 11 14
509 115 114 28 18
510 54 53 13 11
511 121 120 30 17
512 79 78 19 26
513 11 10 2 3
514 69 68 17 25
515 105 104 26 23
516 2 1 0 0
517 59 58 14 9
518 1 0 0 0
519 66 65 16 24
520 17 16 4 6
521 7 6 1 1
522 122 121 30 17
523 113 112 28 18
524 54 53 13 11
525 34 33 8 12
526 32 31 7 4
527 33 32 8 12
528 64 63 15 8
529 48 47 11 14
530 112 111 27 22
531 13 12 3 2
532 43 42 10 15
533 12 11 2 3
534 61 60 15 8
535 95 94 23 28
536 103 102 25 21
537 109 108 27 22
538 96 95 23 28
539 74 73 18 27
540 62 61 15 8
541 48 47 11 14
542 50 49 12 10
543 86 85 21 31
544 9 8 2 3
545 83 82 20 30
546 99 98 24 20
547 72 71 17 25
548 38 37 9 13
549 21 20 5 7
550 32 31 7 4
551 32 31 7 4
552 32 31 7 4
553 32 31 7 4
554 32 31 7 4
555 32 31 7 4
556 32 31 7 4
557 32 31 7 4
558 39 38 9 13
559 48 47 11 14
560 22 21 5 7
561 10 9 2 3
562 89 88 22 29
563 13 12 3 2
564 29 28 7 4
565 13 12 3 2
566 113 112 28 18
567 29 28 7 4
568 97 96 24 20
569 41 40 10 15
570 110 109 27 22
571 2 1 0 0
572 88 87 21 31
573 121 120 30 17
574 96 95 23 28
575 19 18 4 6
576 63 62 15 8
577 114 113 28 18
578 16 15 3 2
579 83 82 20 30
580 22 21 5 7
581 89 88 22 29
582 47 46 11 14
583 108 107 26 23
584 37 36 9 13
585 73 72 18 27
586 98 97 24 20
587 27 26 6 5
588 97 96 24 20
589 34 33 8 12
590 113 112 28 18
591 103 102 25 21
592 90 89 22 29
593 81 80 20 30
594 22 21 5 7
595 2 1 0 0
596 0 127 31 16
597 1 0 0 0
598 32 31 7 4
599 16 15 3 2
600 30 29 7 4
601 101 100 25 21
602 42 41 10 15
603 70 69 17 25
604 13 12 3 2
605 120 119 29 19
606 104 103 25 21
607 111 110 27 22
608 95 94 23 28
609 87 86 21 31
610 87 86 21 31
611 54 53 13 11
612 45 44 11 14
613 118 117 29 19
614 44 43 10 15
615 23 22 5 7
616 30 29 7 4
617 37 36 9 13
618 64 63 15 8
619 104 103 25 21
620 0 127 31 16
621 0 127 31 16
622 0 127 31 16
623 0 127 31 16
624 0 127 31 16
625 0 127 31 16
626 0 127 31 16
627 0 127 31 16
628 8 7 1 1
629 16 15 3 2
630 118 117 29 19
631 98 97 24 20
632 57 56 14 9
633 109 108 27 22
634 125 124 31 16
635 109 108 27 22
636 81 80 20 30
637 125 124 31 16
638 65 64 16 24
639 9 8 2 3
640 78 77 19 26
641 98 97 24 20
642 56 55 13 11
643 89 88 22 29
644 64 63 15 8
645 115 114 28 18
646 31 30 7 4
647 82 81 20 30
648 112 111 27 22
649 51 50 12 10
650 118 117 29 19
651 57 56 14 9
652 15 14 3 2
653 76 75 18 27
654 5 4 1 1
655 41 40 10 15
656 66 65 16 24
657 123 122 30 17
658 65 64 16 24
659 2 1 0 0
660 81 80 20 30
661 71 70 17 25
662 58 57 14 9
663 49 48 12 10
664 118 117 29 19
665 97 96 24 20
666 96 95 23 28
667 97 96 24 20
668 0 127 31 16
669 112 111 27 22
670 113 112 28 18
671 109 108 27 22
672 71 70 17 25
673 102 101 25 21
674 3 2 0 0
675 96 95 23 28
676 119 118 29 19
677 107 106 26 23
678 1 0 0 0
679 53 52 13 11
680 106 105 26 23
681 4 3 0 0
682 102 101 25 21
683 126 125 31 16
684 69 68 17 25
685 87 86 21 31
686 84 83 20 30
687 54 53 13 11
688 23 22 5 7
689 113 112 28 18
690 96 95 23 28
691 96 95 23 28
692 96 95 23 28
693 96 95 23 28
694 96 95 23 28
695 96 95 23 28
696 96 95 23 28
697 96 95 23 28
698 104 103 25 21
699 112 111 27 22
700 68 67 16 24
701 124 123 30 17
702 26 25 6 5
703 76 75 18 27
704 92 91 22 29
705 77 76 19 26
706 77 76 19 26
707 93 92 23 28
708 94 93 23 28
709 104 103 25 21
710 46 45 11 14
711 65 64 16 24
712 66 65 16 24
713 23 22 5 7
714 33 32 8 12
715 83 82 20 30
716 126 125 31 16
717 127 126 31 16
718 49 48 12 10
719 18 17 4 6
720 86 85 21 31
721 25 24 6 5
722 111 110 27 22
723 111 110 27 22
724 44 43 10 15
725 101 100 25 21
726 9 8 2 3
727 34 33 8 12
728 34 33 8 12
729 98 97 24 20
730 99 98 24 20
731 49 48 12 10
732 39 38 9 13
733 17 16 4 6
734 85 84 21 31
735 86 85 21 31
736 66 65 16 24
737 63 62 15 8
738 65 64 16 24
739 80 79 19 26
740 80 79 19 26
741 62 61 15 8
742 19 18 4 6
743 107 106 26 23
744 123 122 30 17
745 127 126 31 16
746 21 20 5 7
747 121 120 30 17
748 123 122 30 17
749 3 2 0 0
750 56 55 13 11
751 18 17 4 6
752 0 127 31 16
753 27 26 6 5
754 112 111 27 22
755 95 94 23 28
756 42 41 10 15
757 38 37 9 13
758 54 53 13 11
759 39 38 9 13
760 63 62 15 8
761 64 63 15 8
762 64 63 15 8
763 64 63 15 8
764 64 63 15 8
765 64 63 15 8
766 64 63 15 8
767 64 63 15 8
768 72 71 17 25
769 72 71 17 25
770 81 80 20 30
771 122 121 30 17
772 122 121 30 17
773 121 120 30 17
774 45 44 11 14
775 61 60 15 8
776 45 44 11 14
777 17 16 4 6
778 61 60 15 8
779 1 0 0 0
780 73 72 18 27
781 14 13 3 2
782 34 33 8 12
783 120 119 29 19
784 25 24 6 5
785 0 127 31 16
786 51 50 12 10
787 95 94 23 28
788 18 17 4 6
789 48 47 11 14
790 115 114 28 18
791 54 53 13 11
792 121 120 30 17
793 80 79 19 26
794 11 10 2 3
795 69 68 17 25
796 105 104 26 23
797 2 1 0 0
798 59 58 14 9
799 1 0 0 0
800 66 65 16 24
801 17 16 4 6
802 6 5 1 1
803 122 121 30 17
804 113 112 28 18
805 54 53 13 11
806 34 33 8 12
807 32 31 7 4
808 33 32 8 12
809 64 63 15 8
810 48 47 11 14
811 62 61 15 8
812 65 64 16 24
813 65 64 16 24
814 33 32 8 12
815 120 119 29 19
816 119 118 29 19
817 37 36 9 13
818 49 48 12 10
819 6 5 1 1
820 44 43 10 15
821 68 67 16 24
822 1 0 0 0
823 37 36 9 13
824 109 108 27 22
825 89 88 22 29
826 61 60 15 8
827 25 24 6 5
828 80 79 19 26
829 22 21 5 7
830 32 31 7 4
831 32 31 7 4
832 32 31 7 4
833 32 31 7 4
834 32 31 7 4
835 32 31 7 4
836 32 31 7 4
837 32 31 7 4
838 32 31 7 4
839 40 39 9 13
840 48 47 11 14
841 71 70 17 25
842 76 75 18 27
843 89 88 22 29
844 13 12 3 2
845 29 28 7 4
846 13 12 3 2
847 113 112 28 18
848 29 28 7 4
849 97 96 24 20
850 41 40 10 15
851 110 109 27 22
852 2 1 0 0
853 88 87 21 31
854 121 120 30 17
855 96 95 23 28
856 19 18 4 6
857 63 62 15 8
858 114 113 28 18
859 16 15 3 2
860 83 82 20 30
861 22 21 5 7
862 89 88 22 29
863 47 46 11 14
864 108 107 26 23
865 37 36 9 13
866 73 72 18 27
867 98 97 24 20
868 27 26 6 5
869 97 96 24 20
870 34 33 8 12
871 113 112 28 18
872 103 102 25 21
873 90 89 22 29
874 81 80 20 30
875 22 21 5 7
876 2 1 0 0
877 0 127 31 16
878 1 0 0 0
879 32 31 7 4
880 16 15 3 2
881 98 97 24 20
882 66 65 16 24
883 100 99 24 20
884 54 53 13 11
885 73 72 18 27
886 17 16 4 6
887 43 42 10 15
888 97 96 24 20
889 60 59 14 9
890 108 107 26 23
891 120 119 29 19
892 19 18 4 6
893 40 39 9 13
894 74 73 18 27
895 81 80 20 30
896 117 116 29 19
897 41 40 10 15
898 79 78 19 26
899 35 34 8 12
900 58 57 14 9
901 0 127 31 16
902 0 127 31 16
903 0 127 31 16
904 0 127 31 16
905 0 127 31 16
906 0 127 31 16
907 0 127 31 16
908 0 127 31 16
909 8 7 1 1
910 16 15 3 2
911 52 51 12 10
912 112 111 27 22
913 57 56 14 9
914 109 108 27 22
915 124 123 30 17
916 109 108 27 22
917 81 80 20 30
918 125 124 31 16
919 65 64 16 24
920 9 8 2 3
921 78 77 19 26
922 98 97 24 20
923 56 55 13 11
924 89 88 22 29
925 64 63 15 8
926 115 114 28 18
927 31 30 7 4
928 82 81 20 30
929 112 111 27 22
930 51 50 12 10
931 118 117 29 19
932 57 56 14 9
933 15 14 3 2
934 76 75 18 27
935 5 4 1 1
936 41 40 10 15
937 66 65 16 24
938 122 121 30 17
939 65 64 16 24
940 2 1 0 0
941 81 80 20 30
942 71 70 17 25
943 59 58 14 9
944 49 48 12 10
945 118 117 29 19
946 98 97 24 20
947 96 95 23 28
948 97 96 24 20
949 0 127 31 16
950 112 111 27 22
951 104 103 25 21
952 14 13 3 2
953 114 113 28 18
954 30 29 7 4
955 82 81 20 30
956 79 78 19 26
957 8 7 1 1
958 13 12 3 2
959 36 35 8 12
960 102 101 25 21
961 122 121 30 17
962 122 121 30 17
963 28 27 6 5
964 11 10 2 3
965 103 102 25 21
966 119 118 29 19
967 55 54 13 11
968 116 115 28 18
969 38 37 9 13
970 55 54 13 11
971 96 95 23 28
972 96 95 23 28
973 96 95 23 28
974 96 95 23 28
975 96 95 23 28
976 96 95 23 28
977 96 95 23 28
978 96 95 23 28
979 104 103 25 21
980 112 111 27 22
981 34 33 8 12
982 22 21 5 7
983 25 24 6 5
984 77 76 19 26
985 93 92 23 28
986 77 76 19 26
987 77 76 19 26
988 93 92 23 28
989 94 93 23 28
990 33 32 8 12
991 105 104 26 23
992 46 45 11 14
993 66 65 16 24
994 56 55 13 11
995 33 32 8 12
996 31 30 7 4
997 127 126 31 16
998 89 88 22 29
999 50 49 12 10
1000 19 18 4 6
1001 86 85 21 31
1002 25 24 6 5
1003 111 110 27 22
1004 44 43 10 15
1005 45 44 11 14
1006 9 8 2 3
1007 35 34 8 12
1008 91 90 22 29
1009 33 32 8 12
1010 33 32 8 12
1011 99 98 24 20
1012 49 48 12 10
1013 39 38 9 13
1014 26 25 6 5
1015 17 16 4 6
1016 86 85 21 31
1017 65 64 16 24
1018 65 64 16 24
1019 65 64 16 24
1020 96 95 23 28
1021 73 72 18 27
1022 46 45 11 14
1023 11 10 2 3
1024 88 87 21 31
1025 92 91 22 29
1026 98 97 24 20
1027 38 37 9 13
1028 95 94 23 28
1029 14 13 3 2
1030 34 33 8 12
1031 109 108 27 22
1032 43 42 10 15
1033 14 13 3 2
1034 22 21 5 7
1035 62 61 15 8
1036 79 78 19 26
1037 110 109 27 22
1038 54 53 13 11
1039 46 45 11 14
1040 12 11 2 3
1041 64 63 15 8
1042 64 63 15 8
1043 64 63 15 8
1044 64 63 15 8
1045 64 63 15 8
1046 64 63 15 8
1047 64 63 15 8
1048 64 63 15 8
1049 72 71 17 25
1050 80 79 19 26
1051 83 82 20 30
1052 8 7 1 1
1053 78 77 19 26
1054 121 120 30 17
1055 45 44 11 14
1056 61 60 15 8
1057 45 44 11 14
1058 17 16 4 6
1059 61 60 15 8
1060 1 0 0 0
1061 73 72 18 27
1062 14 13 3 2
1063 34 33 8 12
1064 120 119 29 19
1065 25 24 6 5
1066 0 127 31 16
1067 51 50 12 10
1068 95 94 23 28
1069 17 16 4 6
1070 48 47 11 14
1071 115 114 28 18
1072 54 53 13 11
1073 121 120 30 17
1074 80 79 19 26
1075 12 11 2 3
1076 69 68 17 25
1077 105 104 26 23
1078 2 1 0 0
1079 59 58 14 9
1080 1 0 0 0
1081 66 65 16 24
1082 17 16 4 6
1083 7 6 1 1
1084 122 121 30 17
1085 113 112 28 18
1086 54 53 13 11
1087 34 33 8 12
1088 32 31 7 4
1089 33 32 8 12
1090 64 63 15 8
1091 48 47 11 14
1092 66 65 16 24
1093 83 82 20 30
1094 40 39 9 13
1095 109 108 27 22
1096 79 78 19 26
1097 121 120 30 17
1098 99 98 24 20
1099 76 75 18 27
1100 105 104 26 23
1101 86 85 21 31
1102 41 40 10 15
1103 115 114 28 18
1104 101 100 25 21
1105 20 19 4 6
1106 14 13 3 2
1107 53 52 13 11
1108 47 46 11 14
1109 45 44 11 14
1110 56 55 13 11
1111 32 31 7 4
1112 32 31 7 4
1113 32 31 7 4
1114 32 31 7 4
1115 32 31 7 4
1116 32 31 7 4
1117 32 31 7 4
1118 32 31 7 4
1119 32 31 7 4
1120 40 39 9 13
1121 48 47 11 14
1122 94 93 23 28
1123 58 57 14 9
1124 89 88 22 29
1125 13 12 3 2
1126 29 28 7 4
1127 13 12 3 2
1128 113 112 28 18
1129 29 28 7 4
1130 97 96 24 20
1131 41 40 10 15
1132 110 109 27 22
1133 2 1 0 0
1134 88 87 21 31
1135 121 120 30 17
1136 96 95 23 28
1137 19 18 4 6
1138 63 62 15 8
1139 114 113 28 18
1140 16 15 3 2
1141 83 82 20 30
1142 22 21 5 7
1143 89 88 22 29
1144 47 46 11 14
1145 108 107 26 23
1146 37 36 9 13
1147 73 72 18 27
1148 98 97 24 20
1149 27 26 6 5
1150 97 96 24 20
1151 34 33 8 12
1152 113 112 28 18
1153 103 102 25 21
1154 90 89 22 29
1155 81 80 20 30
1156 22 21 5 7
1157 2 1 0 0
1158 0 127 31 16
1159 1 0 0 0
1160 32 31 7 4
1161 16 15 3 2
1162 109 108 27 22
1163 35 34 8 12
1164 86 85 21 31
1165 92 91 22 29
1166 57 56 14 9
1167 33 32 8 12
1168 67 66 16 24
1169 27 26 6 5
1170 34 33 8 12
1171 83 82 20 30
1172 118 117 29 19
1173 53 52 13 11
1174 7 6 1 1
1175 56 55 13 11
1176 113 112 28 18
1177 123 122 30 17
1178 18 17 4 6
1179 9 8 2 3
1180 85 84 21 31
1181 87 86 21 31
1182 0 127 31 16
1183 0 127 31 16
1184 0 127 31 16
1185 0 127 31 16
1186 0 127 31 16
1187 0 127 31 16
1188 0 127 31 16
1189 0 127 31 16
1190 8 7 1 1
1191 16 15 3 2
1192 94 93 23 28
1193 120 119 29 19
1194 57 56 14 9
1195 109 108 27 22
1196 125 124 31 16
1197 109 108 27 22
1198 81 80 20 30
1199 125 124 31 16
1200 65 64 16 24
1201 9 8 2 3
1202 78 77 19 26
1203 98 97 24 20
1204 56 55 13 11
1205 89 88 22 29
1206 64 63 15 8
1207 115 114 28 18
1208 31 30 7 4
1209 82 81 20 30
1210 112 111 27 22
1211 51 50 12 10
1212 52 51 12 10
1213 57 56 14 9
1214 15 14 3 2
1215 76 75 18 27
1216 5 4 1 1
1217 41 40 10 15
1218 66 65 16 24
1219 123 122 30 17
1220 65 64 16 24
1221 2 1 0 0
1222 81 80 20 30
1223 71 70 17 25
1224 58 57 14 9
1225 49 48 12 10
1226 118 117 29 19
1227 98 97 24 20
1228 96 95 23 28
1229 97 96 24 20
1230 0 127 31 16
1231 112 111 27 22
1232 19 18 4 6
1233 115 114 28 18
1234 66 65 16 24
1235 16 15 3 2
1236 26 25 6 5
1237 114 113 28 18
1238 101 100 25 21
1239 83 82 20 30
1240 114 113 28 18
1241 68 67 16 24
1242 18 17 4 6
1243 39 38 9 13
1244 110 109 27 22
1245 22 21 5 7
1246 101 100 25 21
1247 3 2 0 0
1248 127 126 31 16
1249 73 72 18 27
1250 76 75 18 27
1251 48 47 11 14
1252 96 95 23 28
1253 96 95 23 28
1254 96 95 23 28
1255 96 95 23 28
1256 96 95 23 28
1257 96 95 23 28
1258 96 95 23 28
1259 96 95 23 28
1260 104 103 25 21
1261 111 110 27 22
1262 72 71 17 25
1263 26 25 6 5
1264 26 25 6 5
1265 25 24 6 5
1266 77 76 19 26
1267 93 92 23 28
1268 49 48 12 10
1269 93 92 23 28
1270 90 89 22 29
1271 33 32 8 12
1272 46 45 11 14
1273 66 65 16 24
1274 66 65 16 24
1275 57 56 14 9
1276 57 56 14 9
1277 83 82 20 30
1278 127 126 31 16
1279 50 49 12 10
1280 50 49 12 10
1281 19 18 4 6
1282 86 85 21 31
1283 26 25 6 5
1284 24 23 5 7
1285 45 44 11 14
1286 44 43 10 15
1287 9 8 2 3
1288 9 8 2 3
1289 91 90 22 29
1290 34 33 8 12
1291 98 97 24 20
1292 99 98 24 20
1293 39 38 9 13
1294 39 38 9 13
1295 17 16 4 6
1296 86 85 21 31
1297 66 65 16 24
1298 65 64 16 24
1299 65 64 16 24
1300 96 95 23 28
1301 96 95 23 28
1302 80 79 19 26
1303 20 19 4 6
1304 45 44 11 14
1305 64 63 15 8
1306 31 30 7 4
1307 35 34 8 12
1308 16 15 3 2
1309 72 71 17 25
1310 56 55 13 11
1311 54 53 13 11
1312 113 112 28 18
1313 8 7 1 1
1314 11 10 2 3
1315 105 104 26 23
1316 85 84 21 31
1317 97 96 24 20
1318 93 92 23 28
1319 78 77 19 26
1320 10 9 2 3
1321 48 47 11 14
1322 64 63 15 8
1323 64 63 15 8
1324 64 63 15 8
1325 64 63 15 8
1326 64 63 15 8
1327 64 63 15 8
1328 64 63 15 8
1329 64 63 15 8
1330 64 63 15 8
1331 80 79 19 26
1332 80 79 19 26
1333 124 123 30 17
1334 120 119 29 19
1335 121 120 30 17
1336 45 44 11 14
1337 61 60 15 8
1338 45 44 11 14
1339 17 16 4 6
1340 61 60 15 8
1341 1 0 0 0
1342 73 72 18 27
1343 14 13 3 2
1344 34 33 8 12
1345 120 119 29 19
1346 25 24 6 5
1347 0 127 31 16
1348 51 50 12 10
1349 95 94 23 28
1350 18 17 4 6
1351 48 47 11 14
1352 115 114 28 18
1353 54 53 13 11
1354 121 120 30 17
1355 79 78 19 26
1356 12 11 2 3
1357 69 68 17 25
1358 105 104 26 23
1359 2 1 0 0
1360 59 58 14 9
1361 1 0 0 0
1362 66 65 16 24
1363 17 16 4 6
1364 6 5 1 1
1365 122 121 30 17
1366 54 53 13 11
1367 54 53 13 11
1368 34 33 8 12
1369 32 31 7 4
1370 33 32 8 12
1371 64 63 15 8
1372 48 47 11 14
1373 56 55 13 11
1374 53 52 13 11
1375 37 36 9 13
1376 57 56 14 9
1377 2 1 0 0
1378 39 38 9 13
1379 85 84 21 31
1380 126 125 31 16
1381 28 27 6 5
1382 86 85 21 31
1383 117 116 29 19
1384 23 22 5 7
1385 50 49 12 10
1386 80 79 19 26
1387 93 92 23 28
1388 83 82 20 30
1389 24 23 5 7
1390 7 6 1 1
1391 29 28 7 4
1392 31 30 7 4
1393 32 31 7 4
1394 32 31 7 4
1395 32 31 7 4
1396 32 31 7 4
1397 32 31 7 4
1398 32 31 7 4
1399 32 31 7 4
1400 32 31 7 4
1401 40 39 9 13
1402 48 47 11 14
1403 62 61 15 8
1404 104 103 25 21
1405 89 88 22 29
1406 13 12 3 2
1407 29 28 7 4
1408 13 12 3 2
1409 113 112 28 18
1410 29 28 7 4
1411 97 96 24 20
1412 41 40 10 15
1413 110 109 27 22
1414 2 1 0 0
1415 88 87 21 31
1416 121 120 30 17
1417 96 95 23 28
1418 19 18 4 6
1419 63 62 15 8
1420 114 113 28 18
1421 16 15 3 2
1422 83 82 20 30
1423 22 21 5 7
1424 89 88 22 29
1425 47 46 11 14
1426 108 107 26 23
1427 37 36 9 13
1428 73 72 18 27
1429 98 97 24 20
1430 27 26 6 5
1431 97 96 24 20
1432 34 33 8 12
1433 113 112 28 18
1434 103 102 25 21
1435 90 89 22 29
1436 81 80 20 30
1437 22 21 5 7
1438 2 1 0 0
1439 0 127 31 16
1440 1 0 0 0
1441 32 31 7 4
1442 16 15 3 2
1443 3 2 0 0
1444 89 88 22 29
1445 116 115 28 18
1446 40 39 9 13
1447 48 47 11 14
1448 64 63 15 8
1449 37 36 9 13
1450 50 49 12 10
1451 17 16 4 6
1452 11 10 2 3
1453 8 7 1 1
1454 64 63 15 8
1455 71 70 17 25
1456 99 98 24 20
1457 40 39 9 13
1458 10 9 2 3
1459 113 112 28 18
1460 101 100 25 21
1461 125 124 31 16
1462 26 25 6 5
1463 0 127 31 16
1464 0 127 31 16
1465 0 127 31 16
1466 0 127 31 16
1467 0 127 31 16
1468 0 127 31 16
1469 0 127 31 16
1470 0 127 31 16
1471 8 7 1 1
1472 16 15 3 2
1473 119 118 29 19
1474 24 23 5 7
1475 57 56 14 9
1476 109 108 27 22
1477 125 124 31 16
1478 109 108 27 22
1479 81 80 20 30
1480 125 124 31 16
1481 65 64 16 24
1482 9 8 2 3
1483 78 77 19 26
1484 98 97 24 20
1485 56 55 13 11
1486 89 88 22 29
1487 64 63 15 8
1488 115 114 28 18
1489 31 30 7 4
1490 82 81 20 30
1491 112 111 27 22
1492 51 50 12 10
1493 118 117 29 19
1494 57 56 14 9
1495 15 14 3 2
1496 76 75 18 27
1497 5 4 1 1
1498 41 40 10 15
1499 66 65 16 24
1500 123 122 30 17
1501 65 64 16 24
1502 2 1 0 0
1503 81 80 20 30
1504 71 70 17 25
1505 58 57 14 9
1506 49 48 12 10
1507 118 117 29 19
1508 98 97 24 20
1509 96 95 23 28
1510 97 96 24 20
1511 0 127 31 16
1512 112 111 27 22
1513 89 88 22 29
1514 120 119 29 19
1515 41 40 10 15
1516 94 93 23 28
1517 7 6 1 1
1518 69 68 17 25
1519 127 126 31 16
1520 0 127 31 16
1521 103 102 25 21
1522 67 66 16 24
1523 79 78 19 26
1524 49 48 12 10
1525 64 63 15 8
1526 84 83 20 30
1527 110 109 27 22
1528 10 9 2 3
1529 8 7 1 1
1530 63 62 15 8
1531 15 14 3 2
1532 53 52 13 11
1533 96 95 23 28
1534 96 95 23 28
1535 96 95 23 28
1536 96 95 23 28
1537 96 95 23 28
1538 96 95 23 28
1539 96 95 23 28
1540 96 95 23 28
1541 104 103 25 21
1542 111 110 27 22
1543 40 39 9 13
1544 17 16 4 6
1545 72 71 17 25
1546 77 76 19 26
1547 93 92 23 28
1548 93 92 23 28
1549 77 76 19 26
1550 93 92 23 28
1551 94 93 23 28
1552 33 32 8 12
1553 105 104 26 23
1554 46 45 11 14
1555 25 24 6 5
1556 57 56 14 9
1557 57 56 14 9
1558 83 82 20 30
1559 82 81 20 30
1560 126 125 31 16
1561 79 78 19 26
1562 81 80 20 30
1563 18 17 4 6
1564 26 25 6 5
1565 111 110 27 22
1566 111 110 27 22
1567 101 100 25 21
1568 9 8 2 3
1569 9 8 2 3
1570 91 90 22 29
1571 33 32 8 12
1572 32 31 7 4
1573 98 97 24 20
1574 40 39 9 13
1575 38 37 9 13
1576 18 17 4 6
1577 16 15 3 2
1578 66 65 16 24
1579 65 64 16 24
1580 64 63 15 8
1581 95 94 23 28
1582 96 95 23 28
1583 80 79 19 26
1584 112 111 27 22
1585 55 54 13 11
1586 106 105 26 23
1587 97 96 24 20
1588 39 38 9 13
1589 0 127 31 16
1590 53 52 13 11
1591 50 49 12 10
1592 64 63 15 8
1593 68 67 16 24
1594 105 104 26 23
1595 71 70 17 25
1596 78 77 19 26
1597 5 4 1 1
1598 54 53 13 11
1599 110 109 27 22
1600 9 8 2 3
1601 56 55 13 11
1602 45 44 11 14
1603 64 63 15 8
1604 64 63 15 8
1605 64 63 15 8
1606 64 63 15 8
1607 64 63 15 8
1608 64 63 15 8
1609 64 63 15 8
1610 64 63 15 8
1611 63 62 15 8
1612 72 71 17 25
1613 113 112 28 18
1614 22 21 5 7
1615 90 89 22 29
1616 121 120 30 17
1617 45 44 11 14
1618 61 60 15 8
1619 45 44 11 14
1620 17 16 4 6
1621 61 60 15 8
1622 1 0 0 0
1623 73 72 18 27
1624 14 13 3 2
1625 34 33 8 12
1626 120 119 29 19
1627 25 24 6 5
1628 0 127 31 16
1629 51 50 12 10
1630 95 94 23 28
1631 18 17 4 6
1632 48 47 11 14
1633 115 114 28 18
1634 54 53 13 11
1635 121 120 30 17
1636 79 78 19 26
1637 12 11 2 3
1638 69 68 17 25
1639 105 104 26 23
1640 2 1 0 0
1641 59 58 14 9
1642 1 0 0 0
1643 66 65 16 24
1644 17 16 4 6
1645 7 6 1 1
1646 122 121 30 17
1647 113 112 28 18
1648 54 53 13 11
1649 34 33 8 12
1650 32 31 7 4
1651 33 32 8 12
1652 64 63 15 8
1653 48 47 11 14
1654 64 63 15 8
1655 119 118 29 19
1656 127 126 31 16
1657 73 72 18 27
1658 121 120 30 17
1659 8 7 1 1
1660 103 102 25 21
1661 93 92 23 28
1662 24 23 5 7
1663 37 36 9 13
1664 124 123 30 17
1665 5 4 1 1
1666 42 41 10 15
1667 106 105 26 23
1668 53 52 13 11
1669 118 117 29 19
1670 99 98 24 20
1671 69 68 17 25
1672 83 82 20 30
1673 31 30 7 4
1674 32 31 7 4
1675 32 31 7 4
1676 32 31 7 4
1677 32 31 7 4
1678 32 31 7 4
1679 32 31 7 4
1680 32 31 7 4
1681 32 31 7 4
1682 40 39 9 13
1683 48 47 11 14
1684 70 69 17 25
1685 57 56 14 9
1686 89 88 22 29
1687 13 12 3 2
1688 29 28 7 4
1689 13 12 3 2
1690 113 112 28 18
1691 29 28 7 4
1692 97 96 24 20
1693 41 40 10 15
1694 110 109 27 22
1695 2 1 0 0
1696 88 87 21 31
1697 121 120 30 17
1698 96 95 23 28
1699 19 18 4 6
1700 63 62 15 8
1701 114 113 28 18
1702 16 15 3 2
1703 83 82 20 30
1704 22 21 5 7
1705 89 88 22 29
1706 47 46 11 14
1707 108 107 26 23
1708 37 36 9 13
1709 73 72 18 27
1710 98 97 24 20
1711 27 26 6 5
1712 97 96 24 20
1713 34 33 8 12
1714 113 112 28 18
1715 103 102 25 21
1716 90 89 22 29
1717 81 80 20 30
1718 22 21 5 7
1719 2 1 0 0
1720 0 127 31 16
1721 1 0 0 0
1722 32 31 7 4
1723 16 15 3 2
1724 30 29 7 4
1725 48 47 11 14
1726 26 25 6 5
1727 51 50 12 10
1728 114 113 28 18
1729 42 41 10 15
1730 72 71 17 25
1731 39 38 9 13
1732 75 74 18 27
1733 111 110 27 22
1734 67 66 16 24
1735 31 30 7 4
1736 18 17 4 6
1737 77 76 19 26
1738 78 77 19 26
1739 106 105 26 23
1740 46 45 11 14
1741 64 63 15 8
1742 66 65 16 24
1743 24 23 5 7
1744 0 127 31 16
1745 0 127 31 16
1746 0 127 31 16
1747 0 127 31 16
1748 0 127 31 16
1749 0 127 31 16
1750 0 127 31 16
1751 0 127 31 16
1752 8 7 1 1
1753 16 15 3 2
1754 56 55 13 11
1755 54 53 13 11
1756 57 56 14 9
1757 109 108 27 22
1758 125 124 31 16
1759 109 108 27 22
1760 81 80 20 30
1761 125 124 31 16
1762 65 64 16 24
1763 9 8 2 3
1764 78 77 19 26
1765 98 97 24 20
1766 56 55 13 11
1767 89 88 22 29
1768 64 63 15 8
1769 115 114 28 18
1770 31 30 7 4
1771 82 81 20 30
1772 112 111 27 22
1773 51 50 12 10
1774 118 117 29 19
1775 57 56 14 9
1776 15 14 3 2
1777 76 75 18 27
1778 5 4 1 1
1779 41 40 10 15
1780 66 65 16 24
1781 123 122 30 17
1782 65 64 16 24
1783 2 1 0 0
1784 81 80 20 30
1785 71 70 17 25
1786 58 57 14 9
1787 49 48 12 10
1788 118 117 29 19
1789 98 97 24 20
1790 96 95 23 28
1791 97 96 24 20
1792 0 127 31 16
1793 112 111 27 22
1794 48 47 11 14
1795 116 115 28 18
1796 96 95 23 28
1797 110 109 27 22
1798 65 64 16 24
1799 88 87 21 31
1800 92 91 22 29
1801 3 2 0 0
1802 7 6 1 1
1803 111 110 27 22
1804 1 0 0 0
1805 32 31 7 4
1806 46 45 11 14
1807 123 122 30 17
1808 104 103 25 21
1809 38 37 9 13
1810 24 23 5 7
1811 27 26 6 5
1812 61 60 15 8
1813 23 22 5 7
1814 96 95 23 28
1815 96 95 23 28
1816 96 95 23 28
1817 96 95 23 28
1818 96 95 23 28
1819 96 95 23 28
1820 96 95 23 28
1821 96 95 23 28
1822 104 103 25 21
1823 111 110 27 22
1824 113 112 28 18
1825 50 49 12 10
1826 26 25 6 5
1827 76 75 18 27
1828 93 92 23 28
1829 93 92 23 28
1830 77 76 19 26
1831 49 48 12 10
1832 94 93 23 28
1833 105 104 26 23
1834 105 104 26 23
1835 45 44 11 14
1836 25 24 6 5
1837 57 56 14 9
1838 56 55 13 11
1839 83 82 20 30
1840 82 81 20 30
1841 50 49 12 10
1842 50 49 12 10
1843 19 18 4 6
1844 86 85 21 31
1845 26 25 6 5
1846 24 23 5 7
1847 44 43 10 15
1848 101 100 25 21
1849 102 101 25 21
1850 9 8 2 3
1851 90 89 22 29
1852 91 90 22 29
1853 33 32 8 12
1854 99 98 24 20
1855 40 39 9 13
1856 38 37 9 13
1857 25 24 6 5
1858 86 85 21 31
1859 66 65 16 24
1860 65 64 16 24
1861 65 64 16 24
1862 65 64 16 24
1863 96 95 23 28
1864 36 35 8 12
1865 19 18 4 6
1866 90 89 22 29
1867 47 46 11 14
1868 88 87 21 31
1869 50 49 12 10
1870 67 66 16 24
1871 6 5 1 1
1872 23 22 5 7
1873 115 114 28 18
1874 14 13 3 2
1875 15 14 3 2
1876 43 42 10 15
1877 123 122 30 17
1878 43 42 10 15
1879 5 4 1 1
1880 126 125 31 16
1881 74 73 18 27
1882 77 76 19 26
1883 55 54 13 11
1884 63 62 15 8
1885 64 63 15 8
1886 64 63 15 8
1887 64 63 15 8
1888 64 63 15 8
1889 64 63 15 8
1890 64 63 15 8
1891 64 63 15 8
1892 72 71 17 25
1893 80 79 19 26
1894 80 79 19 26
1895 46 45 11 14
1896 13 12 3 2
1897 121 120 30 17
1898 45 44 11 14
1899 61 60 15 8
1900 45 44 11 14
1901 17 16 4 6
1902 61 60 15 8
1903 1 0 0 0
1904 73 72 18 27
1905 14 13 3 2
1906 34 33 8 12
1907 120 119 29 19
1908 25 24 6 5
1909 0 127 31 16
1910 51 50 12 10
1911 95 94 23 28
1912 18 17 4 6
1913 48 47 11 14
1914 115 114 28 18
1915 53 52 13 11
1916 121 120 30 17
1917 79 78 19 26
1918 12 11 2 3
1919 69 68 17 25
1920 105 104 26 23
1921 2 1 0 0
1922 59 58 14 9
1923 1 0 0 0
1924 66 65 16 24
1925 17 16 4 6
1926 7 6 1 1
1927 122 121 30 17
1928 113 112 28 18
1929 54 53 13 11
1930 34 33 8 12
1931 32 31 7 4
1932 33 32 8 12
1933 64 63 15 8
1934 48 47 11 14
1935 55 54 13 11
1936 0 127 31 16
1937 29 28 7 4
1938 47 46 11 14
1939 102 101 25 21
1940 25 24 6 5
1941 93 92 23 28
1942 116 115 28 18
1943 32 31 7 4
1944 43 42 10 15
1945 42 41 10 15
1946 9 8 2 3
1947 7 6 1 1
1948 40 39 9 13
1949 3 2 0 0
1950 41 40 10 15
1951 5 4 1 1
1952 22 21 5 7
1953 13 12 3 2
1954 110 109 27 22
1955 32 31 7 4
1956 32 31 7 4
1957 32 31 7 4
1958 32 31 7 4
1959 32 31 7 4
1960 32 31 7 4
1961 32 31 7 4
1962 32 31 7 4
1963 40 39 9 13
1964 48 47 11 14
1965 14 13 3 2
1966 73 72 18 27
1967 89 88 22 29
1968 13 12 3 2
1969 29 28 7 4
1970 13 12 3 2
1971 113 112 28 18
1972 29 28 7 4
1973 97 96 24 20
1974 41 40 10 15
1975 110 109 27 22
1976 2 1 0 0
1977 88 87 21 31
1978 121 120 30 17
1979 96 95 23 28
1980 19 18 4 6
1981 63 62 15 8
1982 114 113 28 18
1983 16 15 3 2
1984 83 82 20 30
1985 22 21 5 7
1986 89 88 22 29
1987 47 46 11 14
1988 108 107 26 23
1989 37 36 9 13
1990 73 72 18 27
1991 98 97 24 20
1992 27 26 6 5
1993 97 96 24 20
1994 34 33 8 12
1995 113 112 28 18
1996 103 102 25 21
1997 90 89 22 29
1998 81 80 20 30
1999 22 21 5 7
2000 2 1 0 0
2001 0 127 31 16
2002 1 0 0 0
2003 32 31 7 4
2004 16 15 3 2
2005 105 104 26 23
2006 2 1 0 0
2007 5 4 1 1
2008 94 93 23 28
2009 115 114 28 18
2010 45 44 11 14
2011 99 98 24 20
2012 67 66 16 24
2013 101 100 25 21
2014 4 3 0 0
2015 110 109 27 22
2016 77 76 19 26
2017 126 125 31 16
2018 113 112 28 18
2019 66 65 16 24
2020 126 125 31 16
2021 107 106 26 23
2022 94 93 23 28
2023 126 125 31 16
2024 97 96 24 20
2025 0 127 31 16
2026 0 127 31 16
2027 0 127 31 16
2028 0 127 31 16
2029 0 127 31 16
2030 0 127 31 16
2031 0 127 31 16
2032 0 127 31 16
2033 8 7 1 1
2034 16 15 3 2
2035 78 77 19 26
2036 54 53 13 11
2037 57 56 14 9
2038 109 108 27 22
2039 125 124 31 16
2040 109 108 27 22
2041 81 80 20 30
2042 125 124 31 16
2043 65 64 16 24
2044 9 8 2 3
2045 78 77 19 26
2046 98 97 24 20
2047 56 55 13 11
2048 89 88 22 29
2049 64 63 15 8
2050 115 114 28 18
2051 32 31 7 4
2052 82 81 20 30
2053 112 111 27 22
2054 52 51 12 10
2055 118 117 29 19
2056 57 56 14 9
2057 15 14 3 2
2058 76 75 18 27
2059 5 4 1 1
2060 4 3 0 0
2061 66 65 16 24
2062 123 122 30 17
2063 65 64 16 24
2064 2 1 0 0
2065 81 80 20 30
2066 71 70 17 25
2067 58 57 14 9
2068 49 48 12 10
2069 118 117 29 19
2070 98 97 24 20
2071 96 95 23 28
2072 97 96 24 20
2073 0 127 31 16
2074 112 111 27 22
2075 114 113 28 18
2076 127 126 31 16
2077 9 8 2 3
2078 120 119 29 19
2079 86 85 21 31
2080 1 0 0 0
2081 25 24 6 5
2082 3 2 0 0
2083 2 1 0 0
2084 10 9 2 3
2085 101 100 25 21
2086 104 103 25 21
2087 99 98 24 20
2088 116 115 28 18
2089 73 72 18 27
2090 33 32 8 12
2091 19 18 4 6
2092 42 41 10 15
2093 88 87 21 31
2094 2 1 0 0
2095 96 95 23 28
2096 96 95 23 28
2097 96 95 23 28
2098 96 95 23 28
2099 96 95 23 28
2100 96 95 23 28
2101 96 95 23 28
2102 96 95 23 28
2103 104 103 25 21
2104 112 111 27 22
2105 113 112 28 18
2106 60 59 14 9
2107 26 25 6 5
2108 77 76 19 26
2109 93 92 23 28
2110 93 92 23 28
2111 49 48 12 10
2112 93 92 23 28
2113 93 92 23 28
2114 105 104 26 23
2115 47 46 11 14
2116 45 44 11 14
2117 65 64 16 24
2118 24 23 5 7
2119 32 31 7 4
2120 32 31 7 4
2121 127 126 31 16
2122 50 49 12 10
2123 80 79 19 26
2124 81 80 20 30
2125 86 85 21 31
2126 23 22 5 7
2127 111 110 27 22
2128 44 43 10 15
2129 44 43 10 15
2130 102 101 25 21
2131 32 31 7 4
2132 34 33 8 12
2133 34 33 8 12
2134 33 32 8 12
2135 49 48 12 10
2136 40 39 9 13
2137 39 38 9 13
2138 17 16 4 6
2139 86 85 21 31
2140 66 65 16 24
2141 65 64 16 24
2142 65 64 16 24
2143 95 94 23 28
2144 80 79 19 26
2145 80 79 19 26
2146 70 69 17 25
2147 39 38 9 13
2148 40 39 9 13
2149 54 53 13 11
2150 68 67 16 24
2151 105 104 26 23
2152 71 70 17 25
2153 14 13 3 2
2154 105 104 26 23
2155 125 124 31 16
2156 52 51 12 10
2157 82 81 20 30
