#index raw norm_full norm_ldro gray_ldro
0 89 88 22 29
1 13 12 3 2
2 29 28 7 4
3 13 12 3 2
4 113 112 28 18
5 29 28 7 4
6 97 96 24 20
7 41 40 10 15
8 110 109 27 22
9 2 1 0 0
10 88 87 21 31
11 121 120 30 17
12 96 95 23 28
13 19 18 4 6
14 63 62 15 8
15 114 113 28 18
16 16 15 3 2
17 83 82 20 30
18 22 21 5 7
19 89 88 22 29
20 47 46 11 14
21 108 107 26 23
22 37 36 9 13
23 73 72 18 27
24 98 97 24 20
25 27 26 6 5
26 97 96 24 20
27 34 33 8 12
28 113 112 28 18
29 103 102 25 21
30 90 89 22 29
31 81 80 20 30
32 22 21 5 7
33 2 1 0 0
34 0 127 31 16
35 1 0 0 0
36 32 31 7 4
37 16 15 3 2
38 44 43 10 15
39 23 22 5 7
40 102 101 25 21
41 74 73 18 27
42 122 121 30 17
43 23 22 5 7
44 8 7 1 1
45 101 100 25 21
46 82 81 20 30
47 98 97 24 20
48 107 106 26 23
49 79 78 19 26
50 27 26 6 5
51 44 43 10 15
52 59 58 14 9
53 101 100 25 21
54 108 107 26 23
55 127 126 31 16
56 56 55 13 11
57 51 50 12 10
58 0 127 31 16
59 0 127 31 16
60 0 127 31 16
61 0 127 31 16
62 0 127 31 16
63 0 127 31 16
64 0 127 31 16
65 0 127 31 16
66 8 7 1 1
67 16 15 3 2
68 73 72 18 27
69 44 43 10 15
70 57 56 14 9
71 109 108 27 22
72 125 124 31 16
73 109 108 27 22
74 81 80 20 30
75 125 124 31 16
76 65 64 16 24
77 9 8 2 3
78 78 77 19 26
79 98 97 24 20
80 56 55 13 11
81 89 88 22 29
82 64 63 15 8
83 115 114 28 18
84 31 30 7 4
85 82 81 20 30
86 112 111 27 22
87 51 50 12 10
88 118 117 29 19
89 57 56 14 9
90 15 14 3 2
91 76 75 18 27
92 5 4 1 1
93 41 40 10 15
94 66 65 16 24
95 123 122 30 17
96 65 64 16 24
97 2 1 0 0
98 81 80 20 30
99 71 70 17 25
100 58 57 14 9
101 49 48 12 10
102 118 117 29 19
103 98 97 24 20
104 96 95 23 28
105 97 96 24 20
106 0 127 31 16
107 112 111 27 22
108 110 109 27 22
109 119 118 29 19
110 79 78 19 26
111 96 95 23 28
112 4 3 0 0
113 45 44 11 14
114 74 73 18 27
115 33 32 8 12
116 6 5 1 1
117 1 0 0 0
118 45 44 11 14
119 123 122 30 17
120 44 43 10 15
121 7 6 1 1
122 24 23 5 7
123 95 94 23 28
124 102 101 25 21
125 49 48 12 10
126 78 77 19 26
127 94 93 23 28
128 96 95 23 28
129 96 95 23 28
130 96 95 23 28
131 96 95 23 28
132 96 95 23 28
133 96 95 23 28
134 96 95 23 28
135 96 95 23 28
136 104 103 25 21
137 112 111 27 22
138 111 110 27 22
139 76 75 18 27
140 26 25 6 5
141 78 77 19 26
142 93 92 23 28
143 84 83 20 30
144 77 76 19 26
145 49 48 12 10
146 33 32 8 12
147 33 32 8 12
148 105 104 26 23
149 46 45 11 14
150 66 65 16 24
151 24 23 5 7
152 32 31 7 4
153 31 30 7 4
154 127 126 31 16
155 127 126 31 16
156 80 79 19 26
157 80 79 19 26
158 19 18 4 6
159 86 85 21 31
160 111 110 27 22
161 44 43 10 15
162 43 42 10 15
163 101 100 25 21
164 9 8 2 3
165 34 33 8 12
166 91 90 22 29
167 98 97 24 20
168 99 98 24 20
169 39 38 9 13
170 39 38 9 13
171 26 25 6 5
172 17 16 4 6
173 86 85 21 31
174 65 64 16 24
175 64 63 15 8
176 96 95 23 28
177 96 95 23 28
178 81 80 20 30
179 47 46 11 14
180 33 32 8 12
181 66 65 16 24
182 65 64 16 24
183 98 97 24 20
184 115 114 28 18
185 11 10 2 3
186 8 7 1 1
187 31 30 7 4
188 10 9 2 3
189 12 11 2 3
190 98 97 24 20
191 107 106 26 23
192 89 88 22 29
193 79 78 19 26
194 123 122 30 17
195 4 3 0 0
196 121 120 30 17
197 70 69 17 25
198 64 63 15 8
199 64 63 15 8
200 64 63 15 8
201 64 63 15 8
202 64 63 15 8
203 64 63 15 8
204 64 63 15 8
205 64 63 15 8
206 72 71 17 25
207 72 71 17 25
208 79 78 19 26
209 14 13 3 2
210 122 121 30 17
211 121 120 30 17
212 45 44 11 14
213 61 60 15 8
214 45 44 11 14
215 17 16 4 6
216 61 60 15 8
217 1 0 0 0
218 73 72 18 27
219 14 13 3 2
220 34 33 8 12
221 120 119 29 19
222 25 24 6 5
223 0 127 31 16
224 51 50 12 10
225 95 94 23 28
226 18 17 4 6
227 48 47 11 14
228 115 114 28 18
229 54 53 13 11
230 121 120 30 17
231 79 78 19 26
232 12 11 2 3
233 69 68 17 25
234 105 104 26 23
235 2 1 0 0
236 59 58 14 9
237 1 0 0 0
238 66 65 16 24
239 17 16 4 6
240 7 6 1 1
241 122 121 30 17
242 113 112 28 18
243 54 53 13 11
244 34 33 8 12
245 32 31 7 4
246 33 32 8 12
247 64 63 15 8
248 48 47 11 14
249 25 24 6 5
250 112 111 27 22
251 9 8 2 3
252 56 55 13 11
253 98 97 24 20
254 12 11 2 3
255 8 7 1 1
256 0 127 31 16
257 78 77 19 26
258 59 58 14 9
259 10 9 2 3
260 57 56 14 9
261 95 94 23 28
262 95 94 23 28
263 55 54 13 11
264 87 86 21 31
265 24 23 5 7
266 88 87 21 31
267 45 44 11 14
268 100 99 24 20
269 32 31 7 4
270 32 31 7 4
271 32 31 7 4
272 32 31 7 4
273 32 31 7 4
274 32 31 7 4
275 32 31 7 4
276 32 31 7 4
277 40 39 9 13
278 48 47 11 14
279 60 59 14 9
280 48 47 11 14
281 89 88 22 29
282 13 12 3 2
283 29 28 7 4
284 13 12 3 2
285 113 112 28 18
286 29 28 7 4
287 97 96 24 20
288 41 40 10 15
289 110 109 27 22
290 2 1 0 0
291 88 87 21 31
292 121 120 30 17
293 96 95 23 28
294 19 18 4 6
295 63 62 15 8
296 114 113 28 18
297 16 15 3 2
298 83 82 20 30
299 22 21 5 7
300 89 88 22 29
301 47 46 11 14
302 108 107 26 23
303 37 36 9 13
304 73 72 18 27
305 98 97 24 20
306 27 26 6 5
307 97 96 24 20
308 34 33 8 12
309 113 112 28 18
310 103 102 25 21
311 90 89 22 29
312 81 80 20 30
313 22 21 5 7
314 2 1 0 0
315 0 127 31 16
316 1 0 0 0
317 32 31 7 4
318 16 15 3 2
319 29 28 7 4
320 112 111 27 22
321 82 81 20 30
322 5 4 1 1
323 64 63 15 8
324 30 29 7 4
325 122 121 30 17
326 86 85 21 31
327 91 90 22 29
328 27 26 6 5
329 86 85 21 31
330 93 92 23 28
331 101 100 25 21
332 3 2 0 0
333 60 59 14 9
334 95 94 23 28
335 127 126 31 16
336 15 14 3 2
337 84 83 20 30
338 67 66 16 24
339 0 127 31 16
340 0 127 31 16
341 0 127 31 16
342 0 127 31 16
343 0 127 31 16
344 0 127 31 16
345 0 127 31 16
346 0 127 31 16
347 8 7 1 1
348 16 15 3 2
349 54 53 13 11
350 116 115 28 18
351 57 56 14 9
352 109 108 27 22
353 125 124 31 16
354 109 108 27 22
355 81 80 20 30
356 125 124 31 16
357 65 64 16 24
358 9 8 2 3
359 78 77 19 26
360 98 97 24 20
361 56 55 13 11
362 89 88 22 29
363 64 63 15 8
364 115 114 28 18
365 31 30 7 4
366 82 81 20 30
367 112 111 27 22
368 51 50 12 10
369 118 117 29 19
370 57 56 14 9
371 15 14 3 2
372 76 75 18 27
373 5 4 1 1
374 41 40 10 15
375 66 65 16 24
376 123 122 30 17
377 65 64 16 24
378 2 1 0 0
379 81 80 20 30
380 71 70 17 25
381 58 57 14 9
382 49 48 12 10
383 118 117 29 19
384 98 97 24 20
385 96 95 23 28
386 97 96 24 20
387 0 127 31 16
388 112 111 27 22
389 113 112 28 18
390 121 120 30 17
391 41 40 10 15
392 57 56 14 9
393 6 5 1 1
394 107 106 26 23
395 90 89 22 29
396 125 124 31 16
397 62 61 15 8
398 125 124 31 16
399 112 111 27 22
400 21 20 5 7
401 4 3 0 0
402 127 126 31 16
403 27 26 6 5
404 122 121 30 17
405 35 34 8 12
406 36 35 8 12
407 112 111 27 22
408 30 29 7 4
409 96 95 23 28
410 96 95 23 28
411 96 95 23 28
412 96 95 23 28
413 96 95 23 28
414 96 95 23 28
415 96 95 23 28
416 96 95 23 28
417 104 103 25 21
418 112 111 27 22
419 2 1 0 0
420 112 111 27 22
421 26 25 6 5
422 25 24 6 5
423 93 92 23 28
424 93 92 23 28
425 49 48 12 10
426 49 48 12 10
427 93 92 23 28
428 32 31 7 4
429 46 45 11 14
430 66 65 16 24
431 66 65 16 24
432 24 23 5 7
433 57 56 14 9
434 32 31 7 4
435 127 126 31 16
436 127 126 31 16
437 50 49 12 10
438 19 18 4 6
439 18 17 4 6
440 86 85 21 31
441 91 90 22 29
442 111 110 27 22
443 100 99 24 20
444 102 101 25 21
445 9 8 2 3
446 34 33 8 12
447 32 31 7 4
448 33 32 8 12
449 98 97 24 20
450 39 38 9 13
451 26 25 6 5
452 26 25 6 5
453 17 16 4 6
454 66 65 16 24
455 65 64 16 24
456 65 64 16 24
457 65 64 16 24
458 80 79 19 26
459 81 80 20 30
460 54 53 13 11
461 24 23 5 7
462 98 97 24 20
463 8 7 1 1
464 89 88 22 29
465 91 90 22 29
466 120 119 29 19
467 59 58 14 9
468 110 109 27 22
469 6 5 1 1
470 99 98 24 20
471 21 20 5 7
472 121 120 30 17
473 30 29 7 4
474 56 55 13 11
475 78 77 19 26
476 110 109 27 22
477 72 71 17 25
478 45 44 11 14
479 63 62 15 8
480 64 63 15 8
481 64 63 15 8
482 64 63 15 8
483 64 63 15 8
484 64 63 15 8
485 64 63 15 8
486 64 63 15 8
487 64 63 15 8
488 80 79 19 26
489 79 78 19 26
490 108 107 26 23
491 126 125 31 16
492 121 120 30 17
493 45 44 11 14
494 61 60 15 8
495 45 44 11 14
496 17 16 4 6
497 61 60 15 8
498 1 0 0 0
499 73 72 18 27
500 14 13 3 2
501 34 33 8 12
502 120 119 29 19
503 25 24 6 5
504 0 127 31 16
505 51 50 12 10
506 95 94 23 28
507 18 17 4 6
508 48 47 11 14
509 115 114 28 18
510 54 53 13 11
511 121 120 30 17
512 79 78 19 26
513 12 11 2 3
514 69 68 17 25
515 105 104 26 23
516 2 1 0 0
517 59 58 14 9
518 1 0 0 0
519 66 65 16 24
520 17 16 4 6
521 7 6 1 1
522 122 121 30 17
523 113 112 28 18
524 54 53 13 11
525 34 33 8 12
526 32 31 7 4
527 33 32 8 12
528 64 63 15 8
529 48 47 11 14
530 12 11 2 3
531 100 99 24 20
532 12 11 2 3
533 64 63 15 8
534 5 4 1 1
535 11 10 2 3
536 11 10 2 3
537 27 26 6 5
538 95 94 23 28
539 127 126 31 16
540 8 7 1 1
541 4 3 0 0
542 41 40 10 15
543 7 6 1 1
544 8 7 1 1
545 77 76 19 26
546 38 37 9 13
547 17 16 4 6
548 82 81 20 30
549 52 51 12 10
550 32 31 7 4
551 32 31 7 4
552 32 31 7 4
553 32 31 7 4
554 32 31 7 4
555 32 31 7 4
556 32 31 7 4
557 32 31 7 4
558 40 39 9 13
559 48 47 11 14
560 32 31 7 4
561 110 109 27 22
562 89 88 22 29
563 13 12 3 2
564 29 28 7 4
565 13 12 3 2
566 113 112 28 18
567 29 28 7 4
568 97 96 24 20
569 41 40 10 15
570 110 109 27 22
571 2 1 0 0
572 88 87 21 31
573 121 120 30 17
574 96 95 23 28
575 19 18 4 6
576 63 62 15 8
577 114 113 28 18
578 16 15 3 2
579 83 82 20 30
580 22 21 5 7
581 89 88 22 29
582 47 46 11 14
583 108 107 26 23
584 37 36 9 13
585 73 72 18 27
586 98 97 24 20
587 27 26 6 5
588 97 96 24 20
589 34 33 8 12
590 113 112 28 18
591 103 102 25 21
592 90 89 22 29
593 81 80 20 30
594 22 21 5 7
595 2 1 0 0
596 0 127 31 16
597 1 0 0 0
598 32 31 7 4
599 16 15 3 2
600 112 111 27 22
601 10 9 2 3
602 94 93 23 28
603 16 15 3 2
604 4 3 0 0
605 25 24 6 5
606 65 64 16 24
607 16 15 3 2
608 27 26 6 5
609 50 49 12 10
610 35 34 8 12
611 61 60 15 8
612 81 80 20 30
613 3 2 0 0
614 66 65 16 24
615 39 38 9 13
616 52 51 12 10
617 103 102 25 21
618 98 97 24 20
619 13 12 3 2
620 0 127 31 16
621 0 127 31 16
622 0 127 31 16
623 0 127 31 16
624 0 127 31 16
625 0 127 31 16
626 0 127 31 16
627 0 127 31 16
628 8 7 1 1
629 16 15 3 2
630 116 115 28 18
631 66 65 16 24
632 57 56 14 9
633 109 108 27 22
634 125 124 31 16
635 109 108 27 22
636 81 80 20 30
637 125 124 31 16
638 65 64 16 24
639 9 8 2 3
640 78 77 19 26
641 98 97 24 20
642 56 55 13 11
643 89 88 22 29
644 64 63 15 8
645 115 114 28 18
646 31 30 7 4
647 82 81 20 30
648 112 111 27 22
649 51 50 12 10
650 118 117 29 19
651 57 56 14 9
652 15 14 3 2
653 76 75 18 27
654 5 4 1 1
655 41 40 10 15
656 66 65 16 24
657 123 122 30 17
658 65 64 16 24
659 2 1 0 0
660 81 80 20 30
661 71 70 17 25
662 58 57 14 9
663 49 48 12 10
664 118 117 29 19
665 98 97 24 20
666 96 95 23 28
667 97 96 24 20
668 0 127 31 16
669 112 111 27 22
670 112 111 27 22
671 103 102 25 21
672 18 17 4 6
673 83 82 20 30
674 75 74 18 27
675 117 116 29 19
676 10 9 2 3
677 120 119 29 19
678 101 100 25 21
679 37 36 9 13
680 85 84 21 31
681 109 108 27 22
682 59 58 14 9
683 80 79 19 26
684 43 42 10 15
685 88 87 21 31
686 59 58 14 9
687 6 5 1 1
688 108 107 26 23
689 6 5 1 1
690 96 95 23 28
691 96 95 23 28
692 96 95 23 28
693 96 95 23 28
694 96 95 23 28
695 96 95 23 28
696 96 95 23 28
697 96 95 23 28
698 104 103 25 21
699 112 111 27 22
700 66 65 16 24
701 26 25 6 5
702 25 24 6 5
703 25 24 6 5
704 77 76 19 26
705 77 76 19 26
706 77 76 19 26
707 93 92 23 28
708 93 92 23 28
709 105 104 26 23
710 105 104 26 23
711 66 65 16 24
712 24 23 5 7
713 24 23 5 7
714 58 57 14 9
715 32 31 7 4
716 83 82 20 30
717 127 126 31 16
718 80 79 19 26
719 19 18 4 6
720 19 18 4 6
721 86 85 21 31
722 111 110 27 22
723 44 43 10 15
724 44 43 10 15
725 101 100 25 21
726 34 33 8 12
727 34 33 8 12
728 33 32 8 12
729 33 32 8 12
730 49 48 12 10
731 39 38 9 13
732 39 38 9 13
733 25 24 6 5
734 17 16 4 6
735 66 65 16 24
736 65 64 16 24
737 65 64 16 24
738 65 64 16 24
739 80 79 19 26
740 80 79 19 26
741 75 74 18 27
742 50 49 12 10
743 53 52 13 11
744 109 108 27 22
745 70 69 17 25
746 96 95 23 28
747 53 52 13 11
748 9 8 2 3
749 12 11 2 3
750 47 46 11 14
751 76 75 18 27
752 23 22 5 7
753 82 81 20 30
754 59 58 14 9
755 113 112 28 18
756 13 12 3 2
757 78 77 19 26
758 7 6 1 1
759 103 102 25 21
760 64 63 15 8
761 64 63 15 8
762 64 63 15 8
763 64 63 15 8
764 64 63 15 8
765 64 63 15 8
766 64 63 15 8
767 64 63 15 8
768 73 72 18 27
769 72 71 17 25
770 80 79 19 26
771 90 89 22 29
772 120 119 29 19
773 121 120 30 17
774 45 44 11 14
775 61 60 15 8
776 45 44 11 14
777 17 16 4 6
778 61 60 15 8
779 1 0 0 0
780 73 72 18 27
781 14 13 3 2
782 34 33 8 12
783 120 119 29 19
784 25 24 6 5
785 0 127 31 16
786 51 50 12 10
787 95 94 23 28
788 18 17 4 6
789 48 47 11 14
790 115 114 28 18
791 54 53 13 11
792 121 120 30 17
793 79 78 19 26
794 12 11 2 3
795 69 68 17 25
796 105 104 26 23
797 2 1 0 0
798 59 58 14 9
799 1 0 0 0
800 66 65 16 24
801 17 16 4 6
802 7 6 1 1
803 122 121 30 17
804 113 112 28 18
805 54 53 13 11
806 34 33 8 12
807 32 31 7 4
808 33 32 8 12
809 64 63 15 8
810 48 47 11 14
811 43 42 10 15
812 16 15 3 2
813 55 54 13 11
814 59 58 14 9
815 67 66 16 24
816 78 77 19 26
817 36 35 8 12
818 96 95 23 28
819 120 119 29 19
820 5 4 1 1
821 79 78 19 26
822 87 86 21 31
823 103 102 25 21
824 8 7 1 1
825 37 36 9 13
826 121 120 30 17
827 5 4 1 1
828 50 49 12 10
829 19 18 4 6
830 30 29 7 4
831 32 31 7 4
832 32 31 7 4
833 32 31 7 4
834 32 31 7 4
835 32 31 7 4
836 32 31 7 4
837 32 31 7 4
838 32 31 7 4
839 40 39 9 13
840 48 47 11 14
841 106 105 26 23
842 110 109 27 22
843 89 88 22 29
844 13 12 3 2
845 29 28 7 4
846 13 12 3 2
847 113 112 28 18
848 29 28 7 4
849 97 96 24 20
850 41 40 10 15
851 110 109 27 22
852 2 1 0 0
853 88 87 21 31
854 121 120 30 17
855 96 95 23 28
856 19 18 4 6
857 63 62 15 8
858 114 113 28 18
859 16 15 3 2
860 83 82 20 30
861 22 21 5 7
862 89 88 22 29
863 47 46 11 14
864 108 107 26 23
865 37 36 9 13
866 73 72 18 27
867 98 97 24 20
868 27 26 6 5
869 97 96 24 20
870 34 33 8 12
871 113 112 28 18
872 103 102 25 21
873 90 89 22 29
874 81 80 20 30
875 22 21 5 7
876 2 1 0 0
877 0 127 31 16
878 1 0 0 0
879 32 31 7 4
880 16 15 3 2
881 81 80 20 30
882 66 65 16 24
883 71 70 17 25
884 109 108 27 22
885 122 121 30 17
886 103 102 25 21
887 89 88 22 29
888 98 97 24 20
889 41 40 10 15
890 39 38 9 13
891 73 72 18 27
892 68 67 16 24
893 5 4 1 1
894 107 106 26 23
895 127 126 31 16
896 107 106 26 23
897 38 37 9 13
898 38 37 9 13
899 82 81 20 30
900 95 94 23 28
901 0 127 31 16
902 0 127 31 16
903 0 127 31 16
904 0 127 31 16
905 0 127 31 16
906 0 127 31 16
907 0 127 31 16
908 0 127 31 16
909 8 7 1 1
910 16 15 3 2
911 6 5 1 1
912 38 37 9 13
913 57 56 14 9
914 109 108 27 22
915 125 124 31 16
916 109 108 27 22
917 81 80 20 30
918 125 124 31 16
919 65 64 16 24
920 9 8 2 3
921 78 77 19 26
922 98 97 24 20
923 56 55 13 11
924 89 88 22 29
925 64 63 15 8
926 115 114 28 18
927 31 30 7 4
928 82 81 20 30
929 112 111 27 22
930 51 50 12 10
931 118 117 29 19
932 57 56 14 9
933 15 14 3 2
934 76 75 18 27
935 5 4 1 1
936 41 40 10 15
937 66 65 16 24
938 123 122 30 17
939 65 64 16 24
940 2 1 0 0
941 81 80 20 30
942 71 70 17 25
943 58 57 14 9
944 49 48 12 10
945 118 117 29 19
946 98 97 24 20
947 96 95 23 28
948 97 96 24 20
949 0 127 31 16
950 112 111 27 22
951 112 111 27 22
952 117 116 29 19
953 117 116 29 19
954 24 23 5 7
955 53 52 13 11
956 64 63 15 8
957 95 94 23 28
958 101 100 25 21
959 2 1 0 0
960 90 89 22 29
961 13 12 3 2
962 4 3 0 0
963 75 74 18 27
964 91 90 22 29
965 121 120 30 17
966 90 89 22 29
967 47 46 11 14
968 2 1 0 0
969 40 39 9 13
970 10 9 2 3
971 96 95 23 28
972 96 95 23 28
973 96 95 23 28
974 96 95 23 28
975 96 95 23 28
976 96 95 23 28
977 96 95 23 28
978 96 95 23 28
979 104 103 25 21
980 112 111 27 22
981 102 101 25 21
982 112 111 27 22
983 25 24 6 5
984 25 24 6 5
985 93 92 23 28
986 93 92 23 28
987 77 76 19 26
988 49 48 12 10
989 32 31 7 4
990 104 103 25 21
991 46 45 11 14
992 66 65 16 24
993 24 23 5 7
994 24 23 5 7
995 57 56 14 9
996 83 82 20 30
997 126 125 31 16
998 127 126 31 16
999 50 49 12 10
1000 81 80 20 30
1001 19 18 4 6
1002 86 85 21 31
1003 25 24 6 5
1004 44 43 10 15
1005 44 43 10 15
1006 8 7 1 1
1007 34 33 8 12
1008 34 33 8 12
1009 33 32 8 12
1010 33 32 8 12
1011 50 49 12 10
1012 39 38 9 13
1013 26 25 6 5
1014 17 16 4 6
1015 86 85 21 31
1016 67 66 16 24
1017 65 64 16 24
1018 64 63 15 8
1019 64 63 15 8
1020 80 79 19 26
1021 80 79 19 26
1022 11 10 2 3
1023 28 27 6 5
1024 122 121 30 17
1025 115 114 28 18
1026 127 126 31 16
1027 98 97 24 20
1028 57 56 14 9
1029 48 47 11 14
1030 54 53 13 11
1031 69 68 17 25
1032 44 43 10 15
1033 113 112 28 18
1034 52 51 12 10
1035 115 114 28 18
1036 90 89 22 29
1037 49 48 12 10
1038 8 7 1 1
1039 73 72 18 27
1040 120 119 29 19
1041 64 63 15 8
1042 64 63 15 8
1043 64 63 15 8
1044 64 63 15 8
1045 64 63 15 8
1046 64 63 15 8
1047 64 63 15 8
1048 64 63 15 8
1049 65 64 16 24
1050 80 79 19 26
1051 79 78 19 26
1052 35 34 8 12
1053 122 121 30 17
1054 121 120 30 17
1055 45 44 11 14
1056 61 60 15 8
1057 45 44 11 14
1058 17 16 4 6
1059 61 60 15 8
1060 1 0 0 0
1061 73 72 18 27
1062 14 13 3 2
1063 34 33 8 12
1064 120 119 29 19
1065 25 24 6 5
1066 0 127 31 16
1067 51 50 12 10
1068 95 94 23 28
1069 18 17 4 6
1070 48 47 11 14
1071 115 114 28 18
1072 54 53 13 11
1073 121 120 30 17
1074 79 78 19 26
1075 12 11 2 3
1076 69 68 17 25
1077 105 104 26 23
1078 2 1 0 0
1079 59 58 14 9
1080 1 0 0 0
1081 66 65 16 24
1082 17 16 4 6
1083 7 6 1 1
1084 122 121 30 17
1085 113 112 28 18
1086 54 53 13 11
1087 34 33 8 12
1088 32 31 7 4
1089 33 32 8 12
1090 64 63 15 8
1091 48 47 11 14
1092 70 69 17 25
1093 66 65 16 24
1094 82 81 20 30
1095 99 98 24 20
1096 117 116 29 19
1097 38 37 9 13
1098 114 113 28 18
1099 102 101 25 21
1100 115 114 28 18
1101 66 65 16 24
1102 83 82 20 30
1103 103 102 25 21
1104 25 24 6 5
1105 84 83 20 30
1106 50 49 12 10
1107 51 50 12 10
1108 34 33 8 12
1109 77 76 19 26
1110 71 70 17 25
1111 84 83 20 30
1112 32 31 7 4
1113 32 31 7 4
1114 32 31 7 4
1115 32 31 7 4
1116 32 31 7 4
1117 32 31 7 4
1118 32 31 7 4
1119 32 31 7 4
1120 40 39 9 13
1121 48 47 11 14
1122 104 103 25 21
1123 112 111 27 22
1124 89 88 22 29
1125 13 12 3 2
1126 29 28 7 4
1127 13 12 3 2
1128 113 112 28 18
1129 29 28 7 4
1130 97 96 24 20
1131 41 40 10 15
1132 110 109 27 22
1133 2 1 0 0
1134 88 87 21 31
1135 121 120 30 17
1136 96 95 23 28
1137 19 18 4 6
1138 63 62 15 8
1139 114 113 28 18
1140 16 15 3 2
1141 83 82 20 30
1142 22 21 5 7
1143 89 88 22 29
1144 47 46 11 14
1145 108 107 26 23
1146 37 36 9 13
1147 73 72 18 27
1148 98 97 24 20
1149 27 26 6 5
1150 97 96 24 20
1151 34 33 8 12
1152 113 112 28 18
1153 103 102 25 21
1154 90 89 22 29
1155 81 80 20 30
1156 22 21 5 7
1157 2 1 0 0
1158 0 127 31 16
1159 1 0 0 0
1160 32 31 7 4
1161 16 15 3 2
1162 49 48 12 10
1163 24 23 5 7
1164 48 47 11 14
1165 110 109 27 22
1166 25 24 6 5
1167 116 115 28 18
1168 24 23 5 7
1169 114 113 28 18
1170 91 90 22 29
1171 57 56 14 9
1172 37 36 9 13
1173 37 36 9 13
1174 46 45 11 14
1175 81 80 20 30
1176 34 33 8 12
1177 57 56 14 9
1178 111 110 27 22
1179 100 99 24 20
1180 59 58 14 9
1181 30 29 7 4
1182 0 127 31 16
1183 0 127 31 16
1184 0 127 31 16
1185 0 127 31 16
1186 0 127 31 16
1187 0 127 31 16
1188 0 127 31 16
1189 0 127 31 16
1190 8 7 1 1
1191 16 15 3 2
1192 91 90 22 29
1193 72 71 17 25
1194 57 56 14 9
1195 109 108 27 22
1196 125 124 31 16
1197 109 108 27 22
1198 81 80 20 30
1199 125 124 31 16
1200 65 64 16 24
1201 9 8 2 3
1202 78 77 19 26
1203 98 97 24 20
1204 56 55 13 11
1205 89 88 22 29
1206 64 63 15 8
1207 115 114 28 18
1208 31 30 7 4
1209 82 81 20 30
1210 112 111 27 22
1211 51 50 12 10
1212 118 117 29 19
1213 57 56 14 9
1214 15 14 3 2
1215 76 75 18 27
1216 5 4 1 1
1217 41 40 10 15
1218 66 65 16 24
1219 123 122 30 17
1220 65 64 16 24
1221 2 1 0 0
1222 81 80 20 30
1223 71 70 17 25
1224 58 57 14 9
1225 49 48 12 10
1226 118 117 29 19
1227 98 97 24 20
1228 96 95 23 28
1229 97 96 24 20
1230 0 127 31 16
1231 112 111 27 22
1232 112 111 27 22
1233 121 120 30 17
1234 114 113 28 18
1235 61 60 15 8
1236 124 123 30 17
1237 22 21 5 7
1238 51 50 12 10
1239 98 97 24 20
1240 64 63 15 8
1241 16 15 3 2
1242 86 85 21 31
1243 48 47 11 14
1244 110 109 27 22
1245 77 76 19 26
1246 32 31 7 4
1247 106 105 26 23
1248 56 55 13 11
1249 108 107 26 23
1250 118 117 29 19
1251 108 107 26 23
1252 96 95 23 28
1253 96 95 23 28
1254 96 95 23 28
1255 96 95 23 28
1256 96 95 23 28
1257 96 95 23 28
1258 96 95 23 28
1259 96 95 23 28
1260 104 103 25 21
1261 112 111 27 22
1262 92 91 22 29
1263 25 24 6 5
1264 24 23 5 7
1265 77 76 19 26
1266 77 76 19 26
1267 78 77 19 26
1268 76 75 18 27
1269 48 47 11 14
1270 33 32 8 12
1271 32 31 7 4
1272 105 104 26 23
1273 47 46 11 14
1274 24 23 5 7
1275 60 59 14 9
1276 32 31 7 4
1277 33 32 8 12
1278 83 82 20 30
1279 50 49 12 10
1280 80 79 19 26
1281 80 79 19 26
1282 19 18 4 6
1283 86 85 21 31
1284 111 110 27 22
1285 44 43 10 15
1286 101 100 25 21
1287 9 8 2 3
1288 9 8 2 3
1289 34 33 8 12
1290 33 32 8 12
1291 98 97 24 20
1292 49 48 12 10
1293 48 47 11 14
1294 38 37 9 13
1295 26 25 6 5
1296 18 17 4 6
1297 86 85 21 31
1298 65 64 16 24
1299 65 64 16 24
1300 65 64 16 24
1301 80 79 19 26
1302 80 79 19 26
1303 122 121 30 17
1304 87 86 21 31
1305 24 23 5 7
1306 27 26 6 5
1307 88 87 21 31
1308 116 115 28 18
1309 18 17 4 6
1310 19 18 4 6
1311 62 61 15 8
1312 58 57 14 9
1313 25 24 6 5
1314 122 121 30 17
1315 22 21 5 7
1316 96 95 23 28
1317 111 110 27 22
1318 77 76 19 26
1319 101 100 25 21
1320 82 81 20 30
1321 56 55 13 11
1322 64 63 15 8
1323 64 63 15 8
1324 64 63 15 8
1325 64 63 15 8
1326 64 63 15 8
1327 64 63 15 8
1328 64 63 15 8
1329 64 63 15 8
1330 72 71 17 25
1331 83 82 20 30
1332 81 80 20 30
1333 26 25 6 5
1334 122 121 30 17
1335 121 120 30 17
1336 45 44 11 14
1337 61 60 15 8
1338 45 44 11 14
1339 17 16 4 6
1340 61 60 15 8
1341 1 0 0 0
1342 73 72 18 27
1343 14 13 3 2
1344 34 33 8 12
1345 120 119 29 19
1346 25 24 6 5
1347 0 127 31 16
1348 51 50 12 10
1349 95 94 23 28
1350 18 17 4 6
1351 48 47 11 14
1352 115 114 28 18
1353 54 53 13 11
1354 121 120 30 17
1355 79 78 19 26
1356 12 11 2 3
1357 69 68 17 25
1358 105 104 26 23
1359 2 1 0 0
1360 59 58 14 9
1361 1 0 0 0
1362 66 65 16 24
1363 17 16 4 6
1364 7 6 1 1
1365 122 121 30 17
1366 113 112 28 18
1367 54 53 13 11
1368 34 33 8 12
1369 32 31 7 4
1370 33 32 8 12
1371 64 63 15 8
1372 48 47 11 14
1373 88 87 21 31
1374 51 50 12 10
1375 127 126 31 16
1376 63 62 15 8
1377 7 6 1 1
1378 26 25 6 5
1379 7 6 1 1
1380 108 107 26 23
1381 35 34 8 12
1382 27 26 6 5
1383 73 72 18 27
1384 51 50 12 10
1385 75 74 18 27
1386 13 12 3 2
1387 71 70 17 25
1388 1 0 0 0
1389 23 22 5 7
1390 104 103 25 21
1391 24 23 5 7
1392 22 21 5 7
1393 32 31 7 4
1394 32 31 7 4
1395 32 31 7 4
1396 32 31 7 4
1397 32 31 7 4
1398 32 31 7 4
1399 32 31 7 4
1400 32 31 7 4
1401 40 39 9 13
1402 48 47 11 14
1403 32 31 7 4
1404 62 61 15 8
1405 89 88 22 29
1406 13 12 3 2
1407 29 28 7 4
1408 13 12 3 2
1409 113 112 28 18
1410 29 28 7 4
1411 97 96 24 20
1412 41 40 10 15
1413 110 109 27 22
1414 2 1 0 0
1415 88 87 21 31
1416 121 120 30 17
1417 96 95 23 28
1418 19 18 4 6
1419 63 62 15 8
1420 114 113 28 18
1421 16 15 3 2
1422 83 82 20 30
1423 22 21 5 7
1424 89 88 22 29
1425 47 46 11 14
1426 108 107 26 23
1427 37 36 9 13
1428 73 72 18 27
1429 98 97 24 20
1430 27 26 6 5
1431 97 96 24 20
1432 34 33 8 12
1433 113 112 28 18
1434 103 102 25 21
1435 90 89 22 29
1436 81 80 20 30
1437 22 21 5 7
1438 2 1 0 0
1439 0 127 31 16
1440 1 0 0 0
1441 32 31 7 4
1442 16 15 3 2
1443 111 110 27 22
1444 41 40 10 15
1445 117 116 29 19
1446 64 63 15 8
1447 57 56 14 9
1448 73 72 18 27
1449 96 95 23 28
1450 5 4 1 1
1451 68 67 16 24
1452 74 73 18 27
1453 31 30 7 4
1454 81 80 20 30
1455 82 81 20 30
1456 68 67 16 24
1457 36 35 8 12
1458 27 26 6 5
1459 114 113 28 18
1460 72 71 17 25
1461 5 4 1 1
1462 114 113 28 18
1463 0 127 31 16
1464 0 127 31 16
1465 0 127 31 16
1466 0 127 31 16
1467 0 127 31 16
1468 0 127 31 16
1469 0 127 31 16
1470 0 127 31 16
1471 8 7 1 1
1472 16 15 3 2
1473 43 42 10 15
1474 36 35 8 12
1475 57 56 14 9
1476 109 108 27 22
1477 125 124 31 16
1478 109 108 27 22
1479 81 80 20 30
1480 125 124 31 16
1481 65 64 16 24
1482 9 8 2 3
1483 78 77 19 26
1484 98 97 24 20
1485 56 55 13 11
1486 89 88 22 29
1487 64 63 15 8
1488 115 114 28 18
1489 31 30 7 4
1490 82 81 20 30
1491 112 111 27 22
1492 51 50 12 10
1493 118 117 29 19
1494 57 56 14 9
1495 15 14 3 2
1496 76 75 18 27
1497 5 4 1 1
1498 42 41 10 15
1499 66 65 16 24
1500 123 122 30 17
1501 65 64 16 24
1502 2 1 0 0
1503 81 80 20 30
1504 71 70 17 25
1505 58 57 14 9
1506 49 48 12 10
1507 118 117 29 19
1508 98 97 24 20
1509 96 95 23 28
1510 97 96 24 20
1511 0 127 31 16
1512 112 111 27 22
1513 86 85 21 31
1514 85 84 21 31
1515 18 17 4 6
1516 36 35 8 12
1517 76 75 18 27
1518 16 15 3 2
1519 43 42 10 15
1520 36 35 8 12
1521 53 52 13 11
1522 126 125 31 16
1523 1 0 0 0
1524 24 23 5 7
1525 75 74 18 27
1526 60 59 14 9
1527 42 41 10 15
1528 13 12 3 2
1529 0 127 31 16
1530 121 120 30 17
1531 29 28 7 4
1532 118 117 29 19
1533 96 95 23 28
1534 96 95 23 28
1535 96 95 23 28
1536 96 95 23 28
1537 96 95 23 28
1538 96 95 23 28
1539 96 95 23 28
1540 96 95 23 28
1541 104 103 25 21
1542 112 111 27 22
1543 112 111 27 22
1544 2 1 0 0
1545 25 24 6 5
1546 25 24 6 5
1547 77 76 19 26
1548 77 76 19 26
1549 77 76 19 26
1550 49 48 12 10
1551 93 92 23 28
1552 33 32 8 12
1553 105 104 26 23
1554 67 66 16 24
1555 24 23 5 7
1556 24 23 5 7
1557 57 56 14 9
1558 32 31 7 4
1559 83 82 20 30
1560 127 126 31 16
1561 80 79 19 26
1562 80 79 19 26
1563 85 84 21 31
1564 86 85 21 31
1565 25 24 6 5
1566 44 43 10 15
1567 44 43 10 15
1568 8 7 1 1
1569 34 33 8 12
1570 91 90 22 29
1571 34 33 8 12
1572 34 33 8 12
1573 48 47 11 14
1574 39 38 9 13
1575 40 39 9 13
1576 17 16 4 6
1577 17 16 4 6
1578 66 65 16 24
1579 65 64 16 24
1580 65 64 16 24
1581 96 95 23 28
1582 80 79 19 26
1583 80 79 19 26
1584 0 127 31 16
1585 8 7 1 1
1586 30 29 7 4
1587 85 84 21 31
1588 117 116 29 19
1589 47 46 11 14
1590 53 52 13 11
1591 119 118 29 19
1592 3 2 0 0
1593 101 100 25 21
1594 74 73 18 27
1595 85 84 21 31
1596 89 88 22 29
1597 91 90 22 29
1598 119 118 29 19
1599 64 63 15 8
1600 64 63 15 8
1601 64 63 15 8
1602 72 71 17 25
1603 64 63 15 8
1604 64 63 15 8
1605 64 63 15 8
1606 64 63 15 8
1607 64 63 15 8
1608 64 63 15 8
1609 64 63 15 8
1610 64 63 15 8
1611 72 71 17 25
1612 80 79 19 26
1613 37 36 9 13
1614 122 121 30 17
1615 40 39 9 13
1616 121 120 30 17
1617 45 44 11 14
1618 61 60 15 8
1619 45 44 11 14
1620 17 16 4 6
1621 61 60 15 8
1622 1 0 0 0
1623 73 72 18 27
1624 14 13 3 2
1625 34 33 8 12
1626 120 119 29 19
1627 25 24 6 5
1628 0 127 31 16
1629 51 50 12 10
1630 95 94 23 28
1631 18 17 4 6
1632 48 47 11 14
1633 115 114 28 18
1634 54 53 13 11
1635 121 120 30 17
1636 79 78 19 26
1637 12 11 2 3
1638 69 68 17 25
1639 105 104 26 23
1640 2 1 0 0
1641 59 58 14 9
1642 1 0 0 0
1643 66 65 16 24
1644 17 16 4 6
1645 7 6 1 1
1646 122 121 30 17
1647 113 112 28 18
1648 54 53 13 11
1649 34 33 8 12
1650 32 31 7 4
1651 33 32 8 12
1652 64 63 15 8
1653 48 47 11 14
1654 60 59 14 9
1655 91 90 22 29
1656 85 84 21 31
1657 15 14 3 2
1658 74 73 18 27
1659 65 64 16 24
1660 15 14 3 2
1661 73 72 18 27
1662 110 109 27 22
1663 48 47 11 14
1664 33 32 8 12
1665 105 104 26 23
1666 80 79 19 26
1667 93 92 23 28
1668 93 92 23 28
1669 96 95 23 28
1670 126 125 31 16
1671 71 70 17 25
1672 18 17 4 6
1673 32 31 7 4
1674 32 31 7 4
1675 32 31 7 4
1676 32 31 7 4
1677 32 31 7 4
1678 32 31 7 4
1679 32 31 7 4
1680 32 31 7 4
1681 32 31 7 4
1682 40 39 9 13
1683 48 47 11 14
1684 5 4 1 1
1685 106 105 26 23
1686 89 88 22 29
1687 13 12 3 2
1688 29 28 7 4
1689 13 12 3 2
1690 113 112 28 18
1691 29 28 7 4
1692 97 96 24 20
1693 41 40 10 15
1694 110 109 27 22
1695 2 1 0 0
1696 88 87 21 31
1697 121 120 30 17
1698 96 95 23 28
1699 19 18 4 6
1700 63 62 15 8
1701 114 113 28 18
1702 16 15 3 2
1703 83 82 20 30
1704 22 21 5 7
1705 89 88 22 29
1706 47 46 11 14
1707 108 107 26 23
1708 37 36 9 13
1709 73 72 18 27
1710 98 97 24 20
1711 27 26 6 5
1712 97 96 24 20
1713 34 33 8 12
1714 113 112 28 18
1715 103 102 25 21
1716 90 89 22 29
1717 81 80 20 30
1718 22 21 5 7
1719 2 1 0 0
1720 0 127 31 16
1721 1 0 0 0
1722 32 31 7 4
1723 16 15 3 2
1724 20 19 4 6
1725 123 122 30 17
1726 105 104 26 23
1727 10 9 2 3
1728 43 42 10 15
1729 97 96 24 20
1730 59 58 14 9
1731 9 8 2 3
1732 85 84 21 31
1733 83 82 20 30
1734 100 99 24 20
1735 120 119 29 19
1736 11 10 2 3
1737 16 15 3 2
1738 31 30 7 4
1739 120 119 29 19
1740 41 40 10 15
1741 112 111 27 22
1742 44 43 10 15
1743 27 26 6 5
1744 0 127 31 16
1745 0 127 31 16
1746 0 127 31 16
1747 0 127 31 16
1748 0 127 31 16
1749 0 127 31 16
1750 0 127 31 16
1751 0 127 31 16
1752 8 7 1 1
1753 16 15 3 2
1754 117 116 29 19
1755 124 123 30 17
1756 57 56 14 9
1757 109 108 27 22
1758 125 124 31 16
1759 109 108 27 22
1760 81 80 20 30
1761 125 124 31 16
1762 65 64 16 24
1763 9 8 2 3
1764 78 77 19 26
1765 98 97 24 20
1766 56 55 13 11
1767 89 88 22 29
1768 64 63 15 8
1769 115 114 28 18
1770 31 30 7 4
1771 82 81 20 30
1772 112 111 27 22
1773 51 50 12 10
1774 118 117 29 19
1775 57 56 14 9
1776 15 14 3 2
1777 76 75 18 27
1778 5 4 1 1
1779 41 40 10 15
1780 66 65 16 24
1781 123 122 30 17
1782 65 64 16 24
1783 2 1 0 0
1784 81 80 20 30
1785 71 70 17 25
1786 58 57 14 9
1787 49 48 12 10
1788 118 117 29 19
1789 98 97 24 20
1790 96 95 23 28
1791 97 96 24 20
1792 0 127 31 16
1793 112 111 27 22
1794 111 110 27 22
1795 104 103 25 21
1796 5 4 1 1
1797 97 96 24 20
1798 38 37 9 13
1799 105 104 26 23
1800 29 28 7 4
1801 101 100 25 21
1802 67 66 16 24
1803 53 52 13 11
1804 89 88 22 29
1805 59 58 14 9
1806 24 23 5 7
1807 104 103 25 21
1808 111 110 27 22
1809 32 31 7 4
1810 96 95 23 28
1811 23 22 5 7
1812 5 4 1 1
1813 21 20 5 7
1814 96 95 23 28
1815 96 95 23 28
1816 96 95 23 28
1817 96 95 23 28
1818 96 95 23 28
1819 96 95 23 28
1820 96 95 23 28
1821 96 95 23 28
1822 104 103 25 21
1823 112 111 27 22
1824 111 110 27 22
1825 102 101 25 21
1826 25 24 6 5
1827 25 24 6 5
1828 77 76 19 26
1829 92 91 22 29
1830 77 76 19 26
1831 93 92 23 28
1832 33 32 8 12
1833 32 31 7 4
1834 104 103 25 21
1835 46 45 11 14
1836 66 65 16 24
1837 24 23 5 7
1838 32 31 7 4
1839 32 31 7 4
1840 83 82 20 30
1841 127 126 31 16
1842 80 79 19 26
1843 19 18 4 6
1844 19 18 4 6
1845 25 24 6 5
1846 25 24 6 5
1847 44 43 10 15
1848 44 43 10 15
1849 101 100 25 21
1850 9 8 2 3
1851 91 90 22 29
1852 33 32 8 12
1853 33 32 8 12
1854 49 48 12 10
1855 39 38 9 13
1856 25 24 6 5
1857 17 16 4 6
1858 17 16 4 6
1859 86 85 21 31
1860 65 64 16 24
1861 65 64 16 24
1862 65 64 16 24
1863 83 82 20 30
1864 80 79 19 26
1865 127 126 31 16
1866 28 27 6 5
1867 8 7 1 1
1868 121 120 30 17
1869 102 101 25 21
1870 16 15 3 2
1871 29 28 7 4
1872 84 83 20 30
1873 79 78 19 26
1874 73 72 18 27
1875 98 97 24 20
1876 75 74 18 27
1877 122 121 30 17
1878 37 36 9 13
1879 61 60 15 8
1880 86 85 21 31
1881 36 35 8 12
1882 52 51 12 10
1883 91 90 22 29
1884 64 63 15 8
1885 64 63 15 8
1886 64 63 15 8
1887 64 63 15 8
1888 64 63 15 8
1889 64 63 15 8
1890 64 63 15 8
1891 64 63 15 8
1892 72 71 17 25
1893 73 72 18 27
1894 80 79 19 26
1895 120 119 29 19
1896 126 125 31 16
1897 121 120 30 17
1898 45 44 11 14
1899 61 60 15 8
1900 45 44 11 14
1901 17 16 4 6
1902 61 60 15 8
1903 1 0 0 0
1904 73 72 18 27
1905 14 13 3 2
1906 34 33 8 12
1907 120 119 29 19
1908 25 24 6 5
1909 0 127 31 16
1910 51 50 12 10
1911 95 94 23 28
1912 18 17 4 6
1913 48 47 11 14
1914 115 114 28 18
1915 54 53 13 11
1916 121 120 30 17
1917 79 78 19 26
1918 12 11 2 3
1919 69 68 17 25
1920 105 104 26 23
1921 2 1 0 0
1922 59 58 14 9
1923 1 0 0 0
1924 66 65 16 24
1925 17 16 4 6
1926 7 6 1 1
1927 122 121 30 17
1928 113 112 28 18
1929 54 53 13 11
1930 34 33 8 12
1931 32 31 7 4
1932 33 32 8 12
1933 64 63 15 8
1934 48 47 11 14
1935 75 74 18 27
1936 41 40 10 15
1937 113 112 28 18
1938 4 3 0 0
1939 55 54 13 11
1940 86 85 21 31
1941 61 60 15 8
1942 126 125 31 16
1943 29 28 7 4
1944 76 75 18 27
1945 83 82 20 30
1946 118 117 29 19
1947 23 22 5 7
1948 65 64 16 24
1949 20 19 4 6
1950 122 121 30 17
1951 73 72 18 27
1952 14 13 3 2
1953 115 114 28 18
1954 33 32 8 12
1955 32 31 7 4
1956 32 31 7 4
1957 32 31 7 4
1958 32 31 7 4
1959 32 31 7 4
1960 32 31 7 4
1961 32 31 7 4
1962 32 31 7 4
1963 40 39 9 13
1964 48 47 11 14
1965 126 125 31 16
1966 124 123 30 17
1967 89 88 22 29
1968 13 12 3 2
1969 29 28 7 4
1970 13 12 3 2
1971 113 112 28 18
1972 29 28 7 4
1973 97 96 24 20
1974 41 40 10 15
1975 110 109 27 22
1976 2 1 0 0
1977 88 87 21 31
1978 121 120 30 17
1979 96 95 23 28
1980 19 18 4 6
1981 63 62 15 8
1982 114 113 28 18
1983 16 15 3 2
1984 83 82 20 30
1985 22 21 5 7
1986 89 88 22 29
1987 47 46 11 14
1988 108 107 26 23
1989 37 36 9 13
1990 73 72 18 27
1991 98 97 24 20
1992 27 26 6 5
1993 97 96 24 20
1994 34 33 8 12
1995 113 112 28 18
1996 103 102 25 21
1997 90 89 22 29
1998 81 80 20 30
1999 22 21 5 7
2000 2 1 0 0
2001 0 127 31 16
2002 1 0 0 0
2003 32 31 7 4
2004 16 15 3 2
2005 126 125 31 16
2006 95 94 23 28
2007 126 125 31 16
2008 59 58 14 9
2009 78 77 19 26
2010 46 45 11 14
2011 27 26 6 5
2012 63 62 15 8
2013 111 110 27 22
2014 0 127 31 16
2015 21 20 5 7
2016 96 95 23 28
2017 19 18 4 6
2018 9 8 2 3
2019 82 81 20 30
2020 108 107 26 23
2021 83 82 20 30
2022 111 110 27 22
2023 95 94 23 28
2024 88 87 21 31
2025 0 127 31 16
2026 0 127 31 16
2027 0 127 31 16
2028 0 127 31 16
2029 0 127 31 16
2030 0 127 31 16
2031 0 127 31 16
2032 0 127 31 16
2033 8 7 1 1
2034 16 15 3 2
2035 68 67 16 24
2036 127 126 31 16
2037 57 56 14 9
2038 109 108 27 22
2039 125 124 31 16
2040 109 108 27 22
2041 81 80 20 30
2042 125 124 31 16
2043 65 64 16 24
2044 9 8 2 3
2045 78 77 19 26
2046 98 97 24 20
2047 56 55 13 11
2048 89 88 22 29
2049 64 63 15 8
2050 115 114 28 18
2051 31 30 7 4
2052 82 81 20 30
2053 112 111 27 22
2054 51 50 12 10
2055 118 117 29 19
2056 57 56 14 9
2057 15 14 3 2
2058 76 75 18 27
2059 5 4 1 1
2060 41 40 10 15
2061 66 65 16 24
2062 123 122 30 17
2063 65 64 16 24
2064 2 1 0 0
2065 81 80 20 30
2066 71 70 17 25
2067 58 57 14 9
2068 49 48 12 10
2069 118 117 29 19
2070 98 97 24 20
2071 96 95 23 28
2072 97 96 24 20
2073 0 127 31 16
2074 112 111 27 22
2075 112 111 27 22
2076 120 119 29 19
2077 103 102 25 21
2078 112 111 27 22
2079 9 8 2 3
2080 101 100 25 21
2081 27 26 6 5
2082 53 52 13 11
2083 110 109 27 22
2084 92 91 22 29
2085 77 76 19 26
2086 111 110 27 22
2087 20 19 4 6
2088 29 28 7 4
2089 1 0 0 0
2090 46 45 11 14
2091 77 76 19 26
2092 53 52 13 11
2093 66 65 16 24
2094 37 36 9 13
2095 96 95 23 28
2096 96 95 23 28
2097 96 95 23 28
2098 96 95 23 28
2099 96 95 23 28
2100 96 95 23 28
2101 96 95 23 28
2102 96 95 23 28
2103 104 103 25 21
2104 112 111 27 22
2105 50 49 12 10
2106 104 103 25 21
2107 24 23 5 7
2108 26 25 6 5
2109 77 76 19 26
2110 78 77 19 26
2111 77 76 19 26
2112 49 48 12 10
2113 33 32 8 12
2114 33 32 8 12
2115 105 104 26 23
2116 66 65 16 24
2117 66 65 16 24
2118 57 56 14 9
2119 58 57 14 9
2120 32 31 7 4
2121 127 126 31 16
2122 127 126 31 16
2123 50 49 12 10
2124 80 79 19 26
2125 19 18 4 6
2126 25 24 6 5
2127 111 110 27 22
2128 112 111 27 22
2129 44 43 10 15
2130 101 100 25 21
2131 9 8 2 3
2132 34 33 8 12
2133 33 32 8 12
2134 33 32 8 12
2135 49 48 12 10
2136 39 38 9 13
2137 39 38 9 13
2138 26 25 6 5
2139 18 17 4 6
2140 67 66 16 24
2141 65 64 16 24
2142 65 64 16 24
2143 65 64 16 24
2144 80 79 19 26
2145 80 79 19 26
2146 64 63 15 8
2147 74 73 18 27
2148 89 88 22 29
2149 70 69 17 25
2150 29 28 7 4
2151 44 43 10 15
2152 11 10 2 3
2153 60 59 14 9
2154 24 23 5 7
2155 58 57 14 9
2156 107 106 26 23
2157 88 87 21 31
2158 123 122 30 17
2159 108 107 26 23
2160 108 107 26 23
2161 108 107 26 23
2162 93 92 23 28
2163 80 79 19 26
2164 59 58 14 9
2165 64 63 15 8
2166 64 63 15 8
2167 64 63 15 8
2168 64 63 15 8
2169 64 63 15 8
2170 64 63 15 8
2171 64 63 15 8
2172 64 63 15 8
2173 64 63 15 8
2174 72 71 17 25
2175 80 79 19 26
2176 58 57 14 9
2177 64 63 15 8
2178 121 120 30 17
2179 45 44 11 14
2180 61 60 15 8
2181 45 44 11 14
2182 17 16 4 6
2183 61 60 15 8
2184 1 0 0 0
2185 73 72 18 27
2186 14 13 3 2
2187 34 33 8 12
2188 120 119 29 19
2189 25 24 6 5
2190 0 127 31 16
2191 51 50 12 10
2192 95 94 23 28
2193 18 17 4 6
2194 48 47 11 14
2195 115 114 28 18
2196 54 53 13 11
2197 121 120 30 17
2198 79 78 19 26
2199 12 11 2 3
2200 69 68 17 25
2201 105 104 26 23
2202 2 1 0 0
2203 59 58 14 9
2204 1 0 0 0
2205 66 65 16 24
2206 17 16 4 6
2207 7 6 1 1
2208 122 121 30 17
2209 113 112 28 18
2210 54 53 13 11
2211 34 33 8 12
2212 32 31 7 4
2213 33 32 8 12
2214 64 63 15 8
2215 48 47 11 14
2216 94 93 23 28
2217 119 118 29 19
2218 48 47 11 14
2219 108 107 26 23
2220 69 68 17 25
2221 27 26 6 5
2222 114 113 28 18
2223 117 116 29 19
2224 105 104 26 23
2225 23 22 5 7
2226 30 29 7 4
2227 3 2 0 0
2228 44 43 10 15
2229 62 61 15 8
2230 84 83 20 30
2231 81 80 20 30
2232 40 39 9 13
2233 104 103 25 21
2234 118 117 29 19
2235 31 30 7 4
2236 32 31 7 4
2237 32 31 7 4
2238 32 31 7 4
2239 32 31 7 4
2240 32 31 7 4
2241 32 31 7 4
2242 32 31 7 4
2243 32 31 7 4
2244 40 39 9 13
2245 48 47 11 14
2246 122 121 30 17
2247 42 41 10 15
2248 89 88 22 29
2249 13 12 3 2
2250 29 28 7 4
2251 13 12 3 2
2252 113 112 28 18
2253 29 28 7 4
2254 97 96 24 20
2255 41 40 10 15
2256 110 109 27 22
2257 2 1 0 0
2258 88 87 21 31
2259 121 120 30 17
2260 96 95 23 28
2261 19 18 4 6
2262 63 62 15 8
2263 114 113 28 18
2264 16 15 3 2
2265 83 82 20 30
2266 22 21 5 7
2267 89 88 22 29
2268 47 46 11 14
2269 108 107 26 23
2270 37 36 9 13
2271 73 72 18 27
2272 98 97 24 20
2273 27 26 6 5
2274 97 96 24 20
2275 34 33 8 12
2276 113 112 28 18
2277 103 102 25 21
2278 90 89 22 29
2279 81 80 20 30
2280 22 21 5 7
2281 2 1 0 0
2282 0 127 31 16
2283 1 0 0 0
2284 32 31 7 4
2285 16 15 3 2
2286 100 99 24 20
2287 116 115 28 18
2288 33 32 8 12
2289 49 48 12 10
2290 108 107 26 23
2291 96 95 23 28
2292 25 24 6 5
2293 5 4 1 1
2294 91 90 22 29
2295 101 100 25 21
2296 56 55 13 11
2297 43 42 10 15
2298 38 37 9 13
2299 39 38 9 13
2300 102 101 25 21
2301 24 23 5 7
2302 37 36 9 13
2303 69 68 17 25
2304 80 79 19 26
2305 0 127 31 16
2306 0 127 31 16
2307 0 127 31 16
2308 0 127 31 16
2309 0 127 31 16
2310 0 127 31 16
2311 0 127 31 16
2312 0 127 31 16
2313 0 127 31 16
2314 8 7 1 1
2315 16 15 3 2
2316 122 121 30 17
2317 102 101 25 21
2318 57 56 14 9
2319 109 108 27 22
2320 125 124 31 16
2321 109 108 27 22
2322 81 80 20 30
2323 125 124 31 16
2324 65 64 16 24
2325 9 8 2 3
2326 78 77 19 26
2327 98 97 24 20
2328 56 55 13 11
2329 89 88 22 29
2330 64 63 15 8
2331 115 114 28 18
2332 31 30 7 4
2333 82 81 20 30
2334 112 111 27 22
2335 51 50 12 10
2336 118 117 29 19
2337 57 56 14 9
2338 15 14 3 2
2339 76 75 18 27
2340 5 4 1 1
2341 41 40 10 15
2342 66 65 16 24
2343 123 122 30 17
2344 65 64 16 24
2345 2 1 0 0
2346 81 80 20 30
2347 71 70 17 25
2348 58 57 14 9
2349 49 48 12 10
2350 118 117 29 19
2351 98 97 24 20
2352 96 95 23 28
2353 97 96 24 20
2354 0 127 31 16
2355 112 111 27 22
2356 113 112 28 18
2357 20 19 4 6
2358 82 81 20 30
2359 106 105 26 23
2360 34 33 8 12
2361 28 27 6 5
2362 122 121 30 17
2363 23 22 5 7
2364 21 20 5 7
2365 80 79 19 26
2366 27 26 6 5
2367 3 2 0 0
2368 90 89 22 29
2369 65 64 16 24
2370 46 45 11 14
2371 104 103 25 21
2372 65 64 16 24
2373 127 126 31 16
2374 75 74 18 27
2375 39 38 9 13
2376 96 95 23 28
2377 96 95 23 28
2378 96 95 23 28
2379 96 95 23 28
2380 96 95 23 28
2381 96 95 23 28
2382 96 95 23 28
2383 96 95 23 28
2384 104 103 25 21
2385 112 111 27 22
2386 58 57 14 9
2387 17 16 4 6
2388 25 24 6 5
2389 25 24 6 5
2390 93 92 23 28
2391 76 75 18 27
2392 77 76 19 26
2393 93 92 23 28
2394 93 92 23 28
2395 105 104 26 23
2396 46 45 11 14
2397 45 44 11 14
2398 66 65 16 24
2399 57 56 14 9
2400 32 31 7 4
2401 32 31 7 4
2402 127 126 31 16
2403 127 126 31 16
2404 80 79 19 26
2405 19 18 4 6
2406 19 18 4 6
2407 25 24 6 5
2408 111 110 27 22
2409 111 110 27 22
2410 44 43 10 15
2411 102 101 25 21
2412 10 9 2 3
2413 92 91 22 29
2414 91 90 22 29
2415 98 97 24 20
2416 98 97 24 20
2417 49 48 12 10
2418 39 38 9 13
2419 26 25 6 5
2420 86 85 21 31
2421 66 65 16 24
2422 64 63 15 8
2423 65 64 16 24
2424 96 95 23 28
2425 79 78 19 26
2426 79 78 19 26
2427 5 4 1 1
2428 89 88 22 29
2429 111 110 27 22
2430 87 86 21 31
2431 46 45 11 14
2432 22 21 5 7
2433 20 19 4 6
2434 109 108 27 22
2435 11 10 2 3
2436 58 57 14 9
2437 22 21 5 7
2438 41 40 10 15
